//ItemIndex   EffectIndex   EffectValue   EffectLevel   ColorR   ColorG   ColorB  EffectType     EffectSize   ColorSide
//Horn of Steal (hornofsteel.bmd)
1044 32395 9 0 0.25 0.25 0.25 0.0 0.0 0.0
1044 32395 10 0 0.25 0.25 0.25 0.0 0.0 0.0
1044 32395 11 0 0.25 0.25 0.25 0.0 0.0 0.0
1044 32395 12 0 0.25 0.25 0.25 0.0 0.0 0.0
1044 32395 13 0 0.25 0.25 0.25 0.0 0.0 0.0
1044 32395 14 0 0.25 0.25 0.25 0.0 0.0 0.0
//Magmus Peer (MagmaSpear.bmd)
1548 32389 2 0 1.00 0.18 0.00 0.0 0.0 0.5
1548 32389 4 0 1.00 0.18 0.00 0.0 0.0 0.5
1548 32389 7 0 1.00 0.18 0.00 0.0 0.0 0.5
//Spite Staff (kerberos_spear_dark_road.bmd)
2597 32392 3 0 1.00 1.00 1.00 0.0 0.0 0.5
//Angelic Bow (bow26.bmd)
2073 32119 13 0 0.50 0.87 0.40 0.0 -0.5 0.2
//Thunderbolt (thunder_bolt.bmd)
1043 32119 7 0 0.20 0.46 0.90 1.0 -0.5 1.0
//Axe Saron
522		32002		  1		    0		 	   0.83		0.52	 0.76	    1.2         0.0	   		0.0 //PINK PINK
522		32002		  2		    0		 	   0.83		0.52	 0.76	    1.2         0.0	   		0.0 //PINK PINK
522		32002		  3		    0		 	   0.83		0.52	 0.76	    1.2         0.0	   		0.0 //PINK PINK
522		32002		  4		    0		 	   0.83		0.52	 0.76	    1.2         0.0	   		0.0 //PINK PINK
522		32002		  5		    0		 	   0.83		0.52	 0.76	    1.2         0.0	   		0.0 //PINK PINK
522		32002		  6		    0		 	   0.83		0.52	 0.76	    1.2         0.0	   		0.0 //PINK PINK
522		32002		  7		    0		 	   0.83		0.52	 0.76	    1.2         0.0	   		0.0 //PINK PINK
//Sword Saron
65		32002		  1		    0		 	   0.83		0.52	 0.76	    1.0         0.0	   		0.0 //PINK PINK
65		32002		  2		    0		 	   0.83		0.52	 0.76	    1.0         0.0	   		0.0 //PINK PINK
//Wing Of Cup
6291 32049 5 0 0.00 0.80 0.00  15.0 0.1 0.9
6291 32049 6 0 0.00 0.80 0.00  15.0 0.1 0.9
6291 32049 13 0 0.00 0.80 0.00 15.0 0.1 0.9
6291 32049 14 0 0.00 0.80 0.00 15.0 0.1 0.9
//VSL - Wing Dark Raven - Effect Dinamic
//Red
6288	32049	3   0	0.8	0.032	0.032	10.0	0.25	0.0
6288	32077	6   0	0.8	0.032	0.032	7.0	1.0	0.0
6288	32290	10  0	0.8	0.032	0.032	7.0	1.0	0.0
6288	32049	14  0	0.8 	0.032	0.032	10.0	0.25	0.0
6288	32077	17  0	0.8	0.032	0.032	7.0	1.0	0.0
6288	32290	21  0	0.8	0.032	0.032	7.0	1.0	0.0
###DINAMICO Wing Blood Vampire
6321           32329           14          0             0.85		0.18	 0.13      0.2          0.10        0.00
6321           32329           15          0             0.85		0.18	 0.13      0.2          0.10        0.00
6321           32329           20          0             0.85		0.18	 0.13      0.2          0.10        0.00
6321           32329           21          0             0.85		0.18	 0.13      0.2          0.10        0.00
6321           32329           22          0             0.85		0.18	 0.13      0.2          0.10        0.00
6321           32329           28          0             0.85		0.18	 0.13      0.2          0.10        0.00
6321           32329           27          0             0.85		0.18	 0.13      0.2          0.10        0.00
6321           32329           30          0             0.85		0.18	 0.13      0.2          0.10        0.00
//Wing War 2.0
6293	     32260   		 14        		0            1.00    0.5      0.0      3.0			0.0			  0.0
6293	     32260   		 37        		0            1.00    0.5      0.0      3.0			0.0			  0.0
6293	     32260   		 50        		0            1.00    0.5      0.0      3.0			0.0			  0.0
6293	     32260   		 57        		0            1.00    0.5      0.0      3.0			0.0			  0.0
6293	     32290   		 47        		0            1.00    0.5      0.0      7.0			0.0			  0.0
6293	     32290   		 24        		0            1.00    0.5      0.0      7.0			0.0			  0.0
6293	     32290   		 11        		0            1.00    0.5      0.0      7.0			0.0			  0.0
6293	     32290   		 34        		0            1.00    0.5      0.0      7.0			0.0			  0.0
6293	     32290   		 31        		0            1.00    0.5      0.0      7.0			0.0			  0.0
6293	     32290   		 40        		0            1.00    0.5      0.0      7.0			0.0			  0.0
6293	     32290   		 8        		0            1.00    0.5      0.0      7.0			0.0			  0.0
6293	     32290   		 17        		0            1.00    0.5      0.0      7.0			0.0			  0.0
6293	     32290   		 46        		0            1.00    0.5      0.0      7.0			0.0			  0.0
6293	     32290   		 23        		0            1.00    0.5      0.0      7.0			0.0			  0.0
6293	     32290   		 35        		0            1.00    0.5      0.0      7.0			0.0			  0.0
6293	     32290   		 39        		0            1.00    0.5      0.0      7.0			0.0			  0.0
6293	     32290   		 44        		0            1.00    0.5      0.0      7.0			0.0			  0.0
6293	     32290   		 45        		0            1.00    0.5      0.0      7.0			0.0			  0.0
6293	     32290   		 12        		0            1.00    0.5      0.0      7.0			0.0			  0.0
6293	     32290   		 16        		0            1.00    0.5      0.0      7.0			0.0			  0.0
6293	     32290   		 21        		0            1.00    0.5      0.0      7.0			0.0			  0.0
6293	     32290   		 22        		0            1.00    0.5      0.0      7.0			0.0			  0.0
6293	     32290   		 61        		0            1.00    0.5      0.0      7.0			0.0			  0.0
6293	     32290   		 60        		0            1.00    0.5      0.0      7.0			0.0			  0.0
6293	     32290   		 59        		0            1.00    0.5      0.0      7.0			0.0			  0.0
6293	     32290   		 62        		0            1.00    0.5      0.0      7.0			0.0			  0.0
6293	     32290   		 55        		0            1.00    0.5      0.0      7.0			0.0			  0.0
6293	     32290   		 52        		0            1.00    0.5      0.0      7.0			0.0			  0.0
6293	     32290   		 53        		0            1.00    0.5      0.0      7.0			0.0			  0.0
6293	     32290   		 54        		0            1.00    0.5      0.0      7.0			0.0			  0.0
//Wing Ligh Blue
6305           32387           11          0             0.36		0.66	 0.99      0.5          0.25        0.00
6305           32387           12          0             0.36		0.66	 0.99      0.5          0.25        0.00
6305           32387           13          0             0.36		0.66	 0.99      0.5          0.25        0.00
6305           32387           14          0             0.36		0.66	 0.99      0.5          0.25        0.00
6305           32387           15          0             0.36		0.66	 0.99      0.5          0.25        0.00
6305           32387           16          0             0.36		0.66	 0.99      0.5          0.25        0.00
6305           32387           17          0             0.36		0.66	 0.99      0.5          0.25        0.00
6305           32387           18          0             0.36		0.66	 0.99      0.5          0.25        0.00
6305           32387           19          0             0.36		0.66	 0.99      0.5          0.25        0.00
6305           32387           20          0             0.36		0.66	 0.99      0.5          0.25        0.00
6305           32387           21          0             0.36		0.66	 0.99      0.5          0.25        0.00
6305           32387           22          0             0.36		0.66	 0.99      0.5          0.25        0.00
6305           32387           23          0             0.36		0.66	 0.99      0.5          0.25        0.00
6305           32387           24          0             0.36		0.66	 0.99      0.5          0.25        0.00
6305           32387           25          0             0.36		0.66	 0.99      0.5          0.25        0.00
6305           32387           26          0             0.36		0.66	 0.99      0.5          0.25        0.00
6305           32387           27          0             0.36		0.66	 0.99      0.5          0.25        0.00
6305           32387           28          0             0.36		0.66	 0.99      0.5          0.25        0.00
6305           32387           29          0             0.36		0.66	 0.99      0.5          0.25        0.00
6305           32387           30          0             0.36		0.66	 0.99      0.5          0.25        0.00
6305           32387           31          0             0.36		0.66	 0.99      0.5          0.25        0.00
6305           32387           32          0             0.36		0.66	 0.99      0.5          0.25        0.00
6305           32387           33          0             0.36		0.66	 0.99      0.5          0.25        0.00
6305           32387           34          0             0.36		0.66	 0.99      0.5          0.25        0.00
6305           32387           35          0             0.36		0.66	 0.99      0.5          0.25        0.00
6305           32387           36          0             0.36		0.66	 0.99      0.5          0.25        0.00
//Capa Ligh Blue 
6304           32387           2           0             0.36		0.66	 0.99      0.5          0.25        0.00
6304           32387           3           0             0.36		0.66	 0.99      0.5          0.25        0.00
6304           32387           10          0             0.36		0.66	 0.99      0.5          0.25        0.00
6304           32387           11          0             0.36		0.66	 0.99      0.5          0.25        0.00
//Wing Of Holy v2
6341           32387           11           0             0.56		0.56	 0.56      0.2          0.15        0.00
6341           32387           12           0             0.56		0.56	 0.56      0.2          0.15        0.00
6341           32387           13           0             0.56		0.56	 0.56      0.2          0.15        0.00
6341           32387           14           0             0.56		0.56	 0.56      0.2          0.15        0.00
6341           32387           15           0             0.56		0.56	 0.56      0.2          0.15        0.00
6341           32387           16           0             0.56		0.56	 0.56      0.2          0.15        0.00
6341           32387           17           0             0.56		0.56	 0.56      0.2          0.15        0.00
6341           32387           18           0             0.56		0.56	 0.56      0.2          0.15        0.00
6341           32387           19           0             0.56		0.56	 0.56      0.2          0.15        0.00
6341           32387           20           0             0.56		0.56	 0.56      0.2          0.15        0.00
6341           32387           21           0             0.56		0.56	 0.56      0.2          0.15        0.00
6341           32387           22           0             0.56		0.56	 0.56      0.2          0.15        0.00
6341           32387           23           0             0.56		0.56	 0.56      0.2          0.15        0.00
6341           32387           24           0             0.56		0.56	 0.56      0.2          0.15        0.00
6341           32387           25           0             0.56		0.56	 0.56      0.2          0.15        0.00
6341           32387           26           0             0.56		0.56	 0.56      0.2          0.15        0.00
6341           32387           27           0             0.56		0.56	 0.56      0.2          0.15        0.00
6341           32387           28           0             0.56		0.56	 0.56      0.2          0.15        0.00
6341           32387           29           0             0.56		0.56	 0.56      0.2          0.15        0.00
6341           32387           30           0             0.56		0.56	 0.56      0.2          0.15        0.00

//Wing War Black
6444          32101         5            0              0.94     0.53     0.12    12.0 0.0 0.0
6444          32101         6            0              0.94     0.53     0.12    12.0 0.0 0.0
6444          32101         10            0             0.94     0.53     0.12    12.0 0.0 0.0
6444          32101         18            0             0.94     0.53     0.12    12.0 0.0 0.0
6444          32101         19             0            0.94     0.53     0.12    12.0 0.0 0.0
6444          32101         23            0             0.94     0.53     0.12    12.0 0.0 0.0
6444          32101         28            0             0.94     0.53     0.12    12.0 0.0 0.0
6444          32101         29            0             0.94     0.53     0.12    12.0 0.0 0.0
6444          32101         33            0             0.94     0.53     0.12    12.0 0.0 0.0
6444          32101         42            0             0.94     0.53     0.12    12.0 0.0 0.0
6444          32101         47            0             0.94     0.53     0.12    12.0 0.0 0.0

//Wing War blue
6442        32002          47            0             0.0		180	 	 230		 0.5		 0.5		 0.5
6442        32002          24            0             0.0		180	 	 230		 0.5		 0.5		 0.5
6442        32002          31            0             0.0		180	 	 230		 0.5		 0.5		 0.5
6442        32002          40            0             0.0		180	 	 230		 0.5		 0.5		 0.5
6442        32002          08            0             0.0		180	 	 230		 0.5		 0.5		 0.5
6442        32002          17            0             0.0		180	 	 230		 0.5		 0.5		 0.5
6442        32002          46            0             0.0		180	 	 230		 0.5		 0.5		 0.5
6442        32002          23            0             0.0		180	 	 230		 0.5		 0.5		 0.5
6442        32002          35            0             0.0		180	 	 230		 0.5		 0.5		 0.5
6442        32002          39            0             0.0		180	 	 230		 0.5		 0.5		 0.5
6442        32002          44            0             0.0		180	 	 230		 0.5		 0.5		 0.5
6442        32002          45            0             0.0		180	 	 230		 0.5		 0.5		 0.5
6442        32002          12            0             0.0		180	 	 230	 	 0.5		 0.5		 0.5
6442        32002          16            0             0.0		180	 	 230		 0.5		 0.5		 0.5
6442        32002          21            0             0.0		180	 	 230		 0.5		 0.5		 0.5
6442        32002          22            0             0.0		180	 	 230		 0.5		 0.5		 0.5
6442        32002          61            0             0.0		180	 	 230		 0.5		 0.5		 0.5
6442        32002          60            0             0.0		180	 	 230		 0.5		 0.5		 0.5
6442        32002          59            0             0.0		180	 	 230		 0.5		 0.5		 0.5
6442        32002          62            0             0.0		180	 	 230		 0.5		 0.5		 0.5
6442        32002          55            0             0.0		180	 	 230		 0.5		 0.5		 0.5
6442        32002          52            0             0.0		180	 	 230		 0.5		 0.5		 0.5
6442        32002          53            0             0.0		180	 	 230		 0.5		 0.5		 0.5
6442        32002          54            0             0.0		180	 	 230		 0.5		 0.5		 0.5
6442        32387    	   14            0            0.0	 	0.7	 	 0.9      0.0         0.2         0.2
6442        32387    	   19            0            0.0	 	0.7	 	 0.9      0.0         0.2         0.2
6442        32387    	   50            0            0.0	 	0.7	 	 0.9      0.0         0.2         0.2
6442        32387    	   37            0            0.0	 	0.7	 	 0.9      0.0         0.2         0.2
6442        32387    	   42            0            0.0	 	0.7	 	 0.9      0.0         0.2         0.2
6442        32387    	   57            0            0.0	 	0.7	 	 0.9      0.0         0.2         0.2

//Wing of War Steel - Effect Dynamic
6443 32101 7  0  0.25 0.25 0.25 0.0 0.0 0.0
6443 32101 15 0  0.25 0.25 0.25 0.0 0.0 0.0
6443 32101 23 0  0.25 0.25 0.25 0.0 0.0 0.0
6443 32101 24 0  0.25 0.25 0.25 0.0 0.0 0.0
6443 32101 30 0  0.25 0.25 0.25 0.0 0.0 0.0
6443 32101 38 0  0.25 0.25 0.25 0.0 0.0 0.0
6443 32101 46 0  0.25 0.25 0.25 0.0 0.0 0.0
6443 32101 47 0  0.25 0.25 0.25 0.0 0.0 0.0
6443 32101 58 0  0.25 0.25 0.25 0.0 0.0 0.0
6443 32101 51 0  0.25 0.25 0.25 0.0 0.0 0.0
6443 32101 28 0 0.25 0.25 0.25 0.0 0.0 0.0
6443 32101 37 0 0.25 0.25 0.25 0.0 0.0 0.0
6443 32101 42 0 0.25 0.25 0.25 0.0 0.0 0.0
6443 32101 05 0 0.25 0.25 0.25 0.0 0.0 0.0
6443 32101 14 0 0.25 0.25 0.25 0.0 0.0 0.0
6443 32101 19 0 0.25 0.25 0.25 0.0 0.0 0.0
6443 32101 57 0 0.25 0.25 0.25 0.0 0.0 0.0
6443 32101 60 0 0.25 0.25 0.25 0.0 0.0 0.0
6443 32101 61 0 0.25 0.25 0.25 0.0 0.0 0.0
6443 32101 50 0 0.25 0.25 0.25 0.0 0.0 0.0
6443 32101 53 0 0.25 0.25 0.25 0.0 0.0 0.0
6443 32101 54 0 0.25 0.25 0.25 0.0 0.0 0.0

//wing style teste dynamic
6445       299          3            0             0.20    0.20    0.20     1.0        0.0        0.3
6445       299          3            0             0.20    0.20    0.20     1.0        0.0        0.3

//sw style rw
110       1452          1            0             0.20    0.20    0.20     2.0        2.0        0.3
110      1714          1            0             0.20    0.20    0.20     1.0        0.8        0.3

//Wing War Pink
6448          32101         5            0              0.73     00         1.0    12.0 0.0 0.0
6448          32101         6            0              0.73     00         1.0    12.0 0.0 0.0
6448          32101         10            0             0.73     00         1.0    12.0 0.0 0.0
6448          32101         18            0             0.73     00         1.0    12.0 0.0 0.0
6448          32101         19             0            0.73     00         1.0    12.0 0.0 0.0
6448          32101         23            0             0.73     00         1.0    12.0 0.0 0.0
6448          32101         28            0             0.73     00         1.0    12.0 0.0 0.0
6448          32101         29            0             0.73     00         1.0    12.0 0.0 0.0
6448          32101         33            0             0.73     00         1.0    12.0 0.0 0.0
6448          32101         42            0             0.73     00         1.0    12.0 0.0 0.0
6448          32101         47            0             0.73     00         1.0    12.0 0.0 0.0

end