//============================================================================================================================================================================================================================================================================================================
//-- Color Type: Cores Para Colocar Nas Descriçoes
//============================================================================================================================================================================================================================================================================================================
//-- TEXT_BLUE		=	1
//-- TEXT_RED		=	2
//-- TEXT_GOLD		=	3
//-- TEXT_GREN		=	4
//-- TEXT_WHITE_RED	=	5
//-- TEXT_PINK		=	6
//-- TEXT_WHITE_BLUE	=	7
//-- TEXT_WHITE_YELLOW	=	8
//-- TEXT_GREN_BLUE	=	9
//-- TEXT_GRAY		=	10
//-- TEXT_PINK2		=	11
//-- TEXT_PURPLE	=	12
//-- TEXT_ORANGE	=	13
//-- TEXT_WHITE		=	14
//-- DeepPink1		=	15 (255 20 147)
//-- RoyalBlue1		=	16 (COR AMARELA)
//-- SlateBlue1		=	17 (131 111 255)
//-- Azure2		=	18 (224 238 238)
//-- DarkSlateGray1	=	19 (151 255 255)
//-- SlateGray1		=	20 (198 226 255)
//-- MistyRose1		=	21 (255 228 225)
//-- LightSlateBlue	=	22 (132 112 255)
//-- DeepSkyBlue1	=	23 (0 191 255)
//-- Turquoise1		=	24 (0 245 255)
//============================================================================================================================================================================================================================================================================================================
//--Item	Name			Color	Index1	Color1	Index2	Color2	Index3	Color3	Index4	Color4	Index5	Color5	Index6	Color6	Index7	Color7	Index8	Color8	Index9	Color9	Index10	Color10	Index11	Color11	Index12	Color12	Index13	Color13	Index14	Color14	Index15	Color15
//==================================================================================================================================================================================================================================================================================================
//Options Dark Reven
//==================================================================================================================================================================================================================================================================================================
42		"Options Dark Raven"	5	90	1	91	1	92	1	-1	-1	-1	-1	-1	-1	-1	-1	-1	-1	-1	-1	-1	-1	-1	-1	-1	-1	-1	-1	-1	-1	-1	-1
6288		"Options Dark Raven"	5	96	1	97	1	98     -1	99	1	100	1	101	1	102	1	103	1	104	1	105	1	106	 1	107	1	108	1	109	1	110	1
6289		"Options Dark Raven"	5	96	1	97	1	98     -1	99	1	100	1	101	1	102	1	103	1	104	1	105	1	106	 1	107	1	108	1	109	1	110	1
3112		"Options Dark Raven"	5	93	1	94	1	95	1	-1	-1	-1	-1	-1	-1	-1	-1	-1	-1	-1	-1	-1	-1	-1	-1	-1	-1	-1	-1	-1	-1	-1	-1
3693		"Options Dark Raven"    5	43	1	44	1	45	1	-1	-1	-1	-1	-1	-1	-1	-1	-1	-1	-1	-1	-1	-1	-1	-1	-1	-1	-1	-1	-1	-1	-1	-1
4205		"Options Dark Raven"	5	43	1	44	1	45	1	-1	-1	-1	-1	-1	-1	-1	-1	-1	-1	-1	-1	-1	-1	-1	-1	-1	-1	-1	-1	-1	-1	-1	-1
4717		"Options Dark Raven"	5	43	1	44	1	45	1	-1	-1	-1	-1	-1	-1	-1	-1	-1	-1	-1	-1	-1	-1	-1	-1	-1	-1	-1	-1	-1	-1	-1	-1
5229		"Options Dark Raven"	5	43	1	44	1	45	1	-1	-1	-1	-1	-1	-1	-1	-1	-1	-1	-1	-1	-1	-1	-1	-1	-1	-1	-1	-1	-1	-1	-1	-1
5741		"Options Dark Raven"	5	43	1	44	1	45	1	-1	-1	-1	-1	-1	-1	-1	-1	-1	-1	-1	-1	-1	-1	-1	-1	-1	-1	-1	-1	-1	-1	-1	-1
//==================================================================================================================================================================================================================================================================================================
//Options Of War
//==================================================================================================================================================================================================================================================================================================
54		"Options Of War"	8	90	1	91	1	92	1	-1	-1	-1	-1	-1	-1	-1	-1	-1	-1	-1	-1	-1	-1	-1	-1	-1	-1	-1	-1	-1	-1	-1	-1
1043		"Options Of War"	8	6	1	7	1	8	1	9	1	101	1	-1	-1	-1	-1	-1	-1	-1	-1	-1	-1	-1	-1	-1	-1	-1	-1	-1	-1	-1	-1      ///Mace
2102		"Options Of War"	8	111	1	112	1	113	1	114	1	-1	-1	-1	-1	-1	-1	-1	-1	-1	-1	-1	-1	-1	-1	-1	-1	-1	-1	-1	-1	-1	-1
2103		"Options Of War"	8	115	1	116	1	117	1	-1	-1	-1	-1	-1	-1	-1	-1	-1	-1	-1	-1	-1	-1	-1	-1	-1	-1	-1	-1	-1	-1	-1	-1
6292		"Options Of War"	8	96	1	97	1	98     -1	99	1	100	1	101	1	102	1	103	1	104	1	105	1	106	 1	107	1	108	1	109	1	110	1
6293		"Options Of War"	8	96	1	97	1	98     -1	99	1	100	1	101	1	102	1	103	1	104	1	105	1	106	 1	107	1	108	1	109	1	110	1
3114		"Options Of War"	8	93	1	94	1	95	1	-1	-1	-1	-1	-1	-1	-1	-1	-1	-1	-1	-1	-1	-1	-1	-1	-1	-1	-1	-1	-1	-1	-1	-1
3695		"Options Of War"        8	43	1	44	1	45	1	-1	-1	-1	-1	-1	-1	-1	-1	-1	-1	-1	-1	-1	-1	-1	-1	-1	-1	-1	-1	-1	-1	-1	-1
4207		"Options Of War"	8	43	1	44	1	45	1	-1	-1	-1	-1	-1	-1	-1	-1	-1	-1	-1	-1	-1	-1	-1	-1	-1	-1	-1	-1	-1	-1	-1	-1
4719		"Options Of War"	8	43	1	44	1	45	1	-1	-1	-1	-1	-1	-1	-1	-1	-1	-1	-1	-1	-1	-1	-1	-1	-1	-1	-1	-1	-1	-1	-1	-1
5231		"Options Of War"	8	43	1	44	1	45	1	-1	-1	-1	-1	-1	-1	-1	-1	-1	-1	-1	-1	-1	-1	-1	-1	-1	-1	-1	-1	-1	-1	-1	-1
5743		"Options Of War"	8	43	1	44	1	45	1	-1	-1	-1	-1	-1	-1	-1	-1	-1	-1	-1	-1	-1	-1	-1	-1	-1	-1	-1	-1	-1	-1	-1	-1
//==================================================================================================================================================================================================================================================================================================
//Options Of Armageddon
//==================================================================================================================================================================================================================================================================================================
68		"Options Of Armageddon"	5	6	1	119	1	8	1	9	1	4	1	-1	-1	-1	-1	-1	-1	-1	-1	-1	-1	-1	-1	-1	-1	-1	-1	-1	-1	-1	-1
2120		"Options Of Armageddon"	5	121	1	123	1	122	1	124	1	-1	-1	-1	-1	-1	-1	-1	-1	-1	-1	-1	-1	-1	-1	-1	-1	-1	-1	-1	-1	-1	-1
2121		"Options Of Armageddon"	5	121	1	116	1	122	1	-1	-1	-1	-1	-1	-1	-1	-1	-1	-1	-1	-1	-1	-1	-1	-1	-1	-1	-1	-1	-1	-1	-1	-1
3115		"Options Of Armageddon"	5	40	1	41	1	42	1	-1	-1	-1	-1	-1	-1	-1	-1	-1	-1	-1	-1	-1	-1	-1	-1	-1	-1	-1	-1	-1	-1	-1	-1        ///Bow
2090		"Options Of Armageddon"	5	56	1	57	1	58	1	59	1	-1	-1	-1	-1	-1	-1	-1	-1	-1	-1	-1	-1	-1	-1	-1	-1	-1	-1	-1	-1	-1	-1
1070		"Options Of Armageddon"	5	6	1	7	1	8	1	9	1	101	1	-1	-1	-1	-1	-1	-1	-1	-1	-1	-1	-1	-1	-1	-1	-1	-1	-1	-1	-1	-1
2601		"Options Of Armageddon"	5	14	1	15	1	16	1	120	1	-1	-1	-1	-1	-1	-1	-1	-1	-1	-1	-1	-1	-1	-1	-1	-1	-1	-1	-1	-1	-1	-1        ///Sttaf
3787		"Options Of Armageddon"	5	43	1	44	1	45	1	-1	-1	-1	-1	-1	-1	-1	-1	-1	-1	-1	-1	-1	-1	-1	-1	-1	-1	-1	-1	-1	-1	-1	-1        ///Helm Armageddon
4299		"Options Of Armageddon"	5	43	1	44	1	45	1	-1	-1	-1	-1	-1	-1	-1	-1	-1	-1	-1	-1	-1	-1	-1	-1	-1	-1	-1	-1	-1	-1	-1	-1        ///Armor Armageddon
4811		"Options Of Armageddon"	5	43	1	44	1	45	1	-1	-1	-1	-1	-1	-1	-1	-1	-1	-1	-1	-1	-1	-1	-1	-1	-1	-1	-1	-1	-1	-1	-1	-1        ///Pants Armageddon
5323		"Options Of Armageddon"	5	43	1	44	1	45	1	-1	-1	-1	-1	-1	-1	-1	-1	-1	-1	-1	-1	-1	-1	-1	-1	-1	-1	-1	-1	-1	-1	-1	-1        ///Boots Armageddon
5835		"Options Of Armageddon"	5	43	1	44	1	45	1	-1	-1	-1	-1	-1	-1	-1	-1	-1	-1	-1	-1	-1	-1	-1	-1	-1	-1	-1	-1	-1	-1	-1	-1        ///Gloves Armageddon
6307		"Options Of Armageddon"	5	18	1	0	1	65     -1	20	1	21	1	103	1	118	1	103	1	104	1	105	1	34	 1	107	1	108	1	30	1	110	1         /// Capa Armageddon
6308		"Options Of Armageddon"	5	18	1	0	1	65     -1	20	1	21	1	103	1	118	1	103	1	104	1	105	1	34	 1	107	1	108	1	30	1	110	1         /// Wing Armageddon
//==================================================================================================================================================================================================================================================================================================
//Options Of Apocalipse 2.0
//==================================================================================================================================================================================================================================================================================================
69		"Options Of Apocalipse 2.0"	17	6	1	119	1	8	1	9	1	4	1	-1	-1	-1	-1	-1	-1	-1	-1	-1	-1	-1	-1	-1	-1	-1	-1	-1	-1	-1	-1      ///Sword
2122		"Options Of Apocalipse 2.0"	17	121	1	123	1	122	1	124	1	-1	-1	-1	-1	-1	-1	-1	-1	-1	-1	-1	-1	-1	-1	-1	-1	-1	-1	-1	-1	-1	-1      ///Ring
2123		"Options Of Apocalipse 2.0"	17	121	1	116	1	122	1	-1	-1	-1	-1	-1	-1	-1	-1	-1	-1	-1	-1	-1	-1	-1	-1	-1	-1	-1	-1	-1	-1	-1	-1      ///Pedant
3116		"Options Of Apocalipse 2.0"	17	40	1	41	1	42	1	-1	-1	-1	-1	-1	-1	-1	-1	-1	-1	-1	-1	-1	-1	-1	-1	-1	-1	-1	-1	-1	-1	-1	-1      ///Shield
1070		"Options Of Apocalipse 2.0"	17	6	1	7	1	8	1	9	1	101	1	-1	-1	-1	-1	-1	-1	-1	-1	-1	-1	-1	-1	-1	-1	-1	-1	-1	-1	-1	-1      ///Mace
2603 		"Options Of Apocalipse 2.0"	17	14	1	15	1	16	1	120	1	-1	-1	-1	-1	-1	-1	-1	-1	-1	-1	-1	-1	-1	-1	-1	-1	-1	-1	-1	-1	-1	-1      ///Staff
3725		"Options Of Apocalipse 2.0"	17	43	1	44	1	45	1	-1	-1	-1	-1	-1	-1	-1	-1	-1	-1	-1	-1	-1	-1	-1	-1	-1	-1	-1	-1	-1	-1	-1	-1      ///Helm
4237		"Options Of Apocalipse 2.0"	17	43	1	44	1	45	1	-1	-1	-1	-1	-1	-1	-1	-1	-1	-1	-1	-1	-1	-1	-1	-1	-1	-1	-1	-1	-1	-1	-1	-1      ///Armor
4749		"Options Of Apocalipse 2.0"	17	43	1	44	1	45	1	-1	-1	-1	-1	-1	-1	-1	-1	-1	-1	-1	-1	-1	-1	-1	-1	-1	-1	-1	-1	-1	-1	-1	-1      ///Pants
5261		"Options Of Apocalipse 2.0"	17	43	1	44	1	45	1	-1	-1	-1	-1	-1	-1	-1	-1	-1	-1	-1	-1	-1	-1	-1	-1	-1	-1	-1	-1	-1	-1	-1	-1      ///Gloves
5773		"Options Of Apocalipse 2.0"	17	43	1	44	1	45	1	-1	-1	-1	-1	-1	-1	-1	-1	-1	-1	-1	-1	-1	-1	-1	-1	-1	-1	-1	-1	-1	-1	-1	-1      ///Boots
6310		"Options Of Apocalipse 2.0"	17	18	1	0	1	65     -1	20	1	21	1	103	1	118	1	103	1	104	1	105	1	34	 1	107	1	108	1	30	1	110	1       ///Cape
6311		"Options Of Apocalipse 2.0"	17	18	1	0	1	65     -1	20	1	21	1	103	1	118	1	103	1	104	1	105	1	34	 1	107	1	108	1	30	1	110	1       ///Wing
//==================================================================================================================================================================================================================================================================================================
//Options Of Gold 
//==================================================================================================================================================================================================================================================================================================
63		"Options Of Gold"	8	90	1	91	1	92	1	-1	-1	-1	-1	-1	-1	-1	-1	-1	-1	-1	-1	-1	-1	-1	-1	-1	-1	-1	-1	-1	-1	-1	-1      ///Sword
1064		"Options Of Gold"	8	6	1	7	1	8	1	9	1	101	1	-1	-1	-1	-1	-1	-1	-1	-1	-1	-1	-1	-1	-1	-1	-1	-1	-1	-1	-1	-1      ///Mace
2126		"Options Of Gold"	8	121	1	123	1	122	1	124	1	-1	-1	-1	-1	-1	-1	-1	-1	-1	-1	-1	-1	-1	-1	-1	-1	-1	-1	-1	-1	-1	-1      ///Ring
2127		"Options Of Gold"	8	121	1	116	1	122	1	-1	-1	-1	-1	-1	-1	-1	-1	-1	-1	-1	-1	-1	-1	-1	-1	-1	-1	-1	-1	-1	-1	-1	-1      ///Pedant
6318		"Options Of Gold"	8	96	1	97	1	98     -1	99	1	100	1	101	1	102	1	103	1	104	1	105	1	106	 1	107	1	108	1	109	1	110	1       ///Wing
6319		"Options Of Gold"	8	96	1	97	1	98     -1	99	1	100	1	101	1	102	1	103	1	104	1	105	1	106	 1	107	1	108	1	109	1	110	1
3121		"Options Of Gold"	8	93	1	94	1	95	1	-1	-1	-1	-1	-1	-1	-1	-1	-1	-1	-1	-1	-1	-1	-1	-1	-1	-1	-1	-1	-1	-1	-1	-1      ///Shield
3735		"Options Of Gold"       8	43	1	44	1	45	1	-1	-1	-1	-1	-1	-1	-1	-1	-1	-1	-1	-1	-1	-1	-1	-1	-1	-1	-1	-1	-1	-1	-1	-1      ///Helm
4247		"Options Of Gold"	8	43	1	44	1	45	1	-1	-1	-1	-1	-1	-1	-1	-1	-1	-1	-1	-1	-1	-1	-1	-1	-1	-1	-1	-1	-1	-1	-1	-1      ///Armor
4759		"Options Of Gold"	8	43	1	44	1	45	1	-1	-1	-1	-1	-1	-1	-1	-1	-1	-1	-1	-1	-1	-1	-1	-1	-1	-1	-1	-1	-1	-1	-1	-1      ///Pants
5271		"Options Of Gold"	8	43	1	44	1	45	1	-1	-1	-1	-1	-1	-1	-1	-1	-1	-1	-1	-1	-1	-1	-1	-1	-1	-1	-1	-1	-1	-1	-1	-1      ///Gloves
5783		"Options Of Gold"	8	43	1	44	1	45	1	-1	-1	-1	-1	-1	-1	-1	-1	-1	-1	-1	-1	-1	-1	-1	-1	-1	-1	-1	-1	-1	-1	-1	-1      ///Boots
//==================================================================================================================================================================================================================================================================================================
//Options Of Snow 
//==================================================================================================================================================================================================================================================================================================
62		"Options Of Snow"	18	90	1	91	1	92	1	-1	-1	-1	-1	-1	-1	-1	-1	-1	-1	-1	-1	-1	-1	-1	-1	-1	-1	-1	-1	-1	-1	-1	-1      ///Sword
1065		"Options Of Snow"	18	6	1	7	1	8	1	9	1	101	1	-1	-1	-1	-1	-1	-1	-1	-1	-1	-1	-1	-1	-1	-1	-1	-1	-1	-1	-1	-1      ///Mace
6316		"Options Of Snow"	18	96	1	97	1	98     -1	99	1	100	1	101	1	102	1	103	1	104	1	105	1	106	 1	107	1	108	1	109	1	110	1       ///Cape
6317		"Options Of Snow"	18	96	1	97	1	98     -1	99	1	100	1	101	1	102	1	103	1	104	1	105	1	106	 1	107	1	108	1	109	1	110	1       ///Wing
3120		"Options Of Snow"	18	93	1	94	1	95	1	-1	-1	-1	-1	-1	-1	-1	-1	-1	-1	-1	-1	-1	-1	-1	-1	-1	-1	-1	-1	-1	-1	-1	-1      ///Shield
3734		"Options Of Snow"       18	43	1	44	1	45	1	-1	-1	-1	-1	-1	-1	-1	-1	-1	-1	-1	-1	-1	-1	-1	-1	-1	-1	-1	-1	-1	-1	-1	-1      ///Helm
4246		"Options Of Snow"	18	43	1	44	1	45	1	-1	-1	-1	-1	-1	-1	-1	-1	-1	-1	-1	-1	-1	-1	-1	-1	-1	-1	-1	-1	-1	-1	-1	-1      ///Armor
4758		"Options Of Snow"	18	43	1	44	1	45	1	-1	-1	-1	-1	-1	-1	-1	-1	-1	-1	-1	-1	-1	-1	-1	-1	-1	-1	-1	-1	-1	-1	-1	-1      ///Pants
5270		"Options Of Snow"	18	43	1	44	1	45	1	-1	-1	-1	-1	-1	-1	-1	-1	-1	-1	-1	-1	-1	-1	-1	-1	-1	-1	-1	-1	-1	-1	-1	-1      ///Gloves
5782		"Options Of Snow"	18	43	1	44	1	45	1	-1	-1	-1	-1	-1	-1	-1	-1	-1	-1	-1	-1	-1	-1	-1	-1	-1	-1	-1	-1	-1	-1	-1	-1      ///Boots
//==================================================================================================================================================================================================================================================================================================
//Options Of Zeus
//==================================================================================================================================================================================================================================================================================================
83		"Options Of Zeus"	7	6	1	119	1	8	1	9	1	4	1	-1	-1	-1	-1	-1	-1	-1	-1	-1	-1	-1	-1	-1	-1	-1	-1	-1	-1	-1	-1        //Sword
2132		"Options Of Zeus"	7	121	1	123	1	122	1	124	1	-1	-1	-1	-1	-1	-1	-1	-1	-1	-1	-1	-1	-1	-1	-1	-1	-1	-1	-1	-1	-1	-1        //Ring
2133		"Options Of Zeus"	7	121	1	116	1	122	1	-1	-1	-1	-1	-1	-1	-1	-1	-1	-1	-1	-1	-1	-1	-1	-1	-1	-1	-1	-1	-1	-1	-1	-1        //Pedant
3126		"Options Of Zeus"	7	40	1	41	1	42	1	-1	-1	-1	-1	-1	-1	-1	-1	-1	-1	-1	-1	-1	-1	-1	-1	-1	-1	-1	-1	-1	-1	-1	-1        //Shield
1072		"Options Of Zeus"	7	6	1	7	1	8	1	9	1	101	1	-1	-1	-1	-1	-1	-1	-1	-1	-1	-1	-1	-1	-1	-1	-1	-1	-1	-1	-1	-1        //Mace
2626		"Options Of Zeus"	7	14	1	15	1	16	1	120	1	-1	-1	-1	-1	-1	-1	-1	-1	-1	-1	-1	-1	-1	-1	-1	-1	-1	-1	-1	-1	-1	-1        //Staff
3751		"Options Of Zeus"	7	43	1	44	1	45	1	-1	-1	-1	-1	-1	-1	-1	-1	-1	-1	-1	-1	-1	-1	-1	-1	-1	-1	-1	-1	-1	-1	-1	-1        //Helm 
4263		"Options Of Zeus"	7	43	1	44	1	45	1	-1	-1	-1	-1	-1	-1	-1	-1	-1	-1	-1	-1	-1	-1	-1	-1	-1	-1	-1	-1	-1	-1	-1	-1        //Armor 
4775		"Options Of Zeus"	7	43	1	44	1	45	1	-1	-1	-1	-1	-1	-1	-1	-1	-1	-1	-1	-1	-1	-1	-1	-1	-1	-1	-1	-1	-1	-1	-1	-1        //Pants 
5287		"Options Of Zeus"	7	43	1	44	1	45	1	-1	-1	-1	-1	-1	-1	-1	-1	-1	-1	-1	-1	-1	-1	-1	-1	-1	-1	-1	-1	-1	-1	-1	-1        //Boots 
5799		"Options Of Zeus"	7	43	1	44	1	45	1	-1	-1	-1	-1	-1	-1	-1	-1	-1	-1	-1	-1	-1	-1	-1	-1	-1	-1	-1	-1	-1	-1	-1	-1        //Gloves 
6327		"Options Of Zeus"	7	18	1	0	1	65     -1	20	1	21	1	103	1	118	1	103	1	104	1	105	1	34	 1	107	1	108	1	30	1	110	1         //Cape 
6328		"Options Of Zeus"	7	18	1	0	1	65     -1	20	1	21	1	103	1	118	1	103	1	104	1	105	1	34	 1	107	1	108	1	30	1	110	1         //Wing 
//==================================================================================================================================================================================================================================================================================================
//Options Of Zeus 1.0
//==================================================================================================================================================================================================================================================================================================
87		"Options Of Zeus 1.0"	7	6	1	119	1	8	1	9	1	4	1	-1	-1	-1	-1	-1	-1	-1	-1	-1	-1	-1	-1	-1	-1	-1	-1	-1	-1	-1	-1        //Sword
3129		"Options Of Zeus 1.0"	7	40	1	41	1	42	1	-1	-1	-1	-1	-1	-1	-1	-1	-1	-1	-1	-1	-1	-1	-1	-1	-1	-1	-1	-1	-1	-1	-1	-1        //Shield
1075		"Options Of Zeus 1.0"	7	6	1	7	1	8	1	9	1	101	1	-1	-1	-1	-1	-1	-1	-1	-1	-1	-1	-1	-1	-1	-1	-1	-1	-1	-1	-1	-1        //Mace
2095		"Options Of Zeus 1.0"	7	56	1	57	1	58	1	48	1	-1	-1	-1	-1	-1	-1	-1	-1	-1	-1	-1	-1	-1	-1	-1	-1	-1	-1	-1	-1	-1	-1        //Bow
2628		"Options Of Zeus 1.0"	7	14	1	15	1	16	1	120	1	-1	-1	-1	-1	-1	-1	-1	-1	-1	-1	-1	-1	-1	-1	-1	-1	-1	-1	-1	-1	-1	-1        //Staff
3773		"Options Of Zeus 1.0"	7	43	1	44	1	45	1	-1	-1	-1	-1	-1	-1	-1	-1	-1	-1	-1	-1	-1	-1	-1	-1	-1	-1	-1	-1	-1	-1	-1	-1        //Helm  [M]
4285		"Options Of Zeus 1.0"	7	43	1	44	1	45	1	-1	-1	-1	-1	-1	-1	-1	-1	-1	-1	-1	-1	-1	-1	-1	-1	-1	-1	-1	-1	-1	-1	-1	-1        //Armor 
4797		"Options Of Zeus 1.0"	7	43	1	44	1	45	1	-1	-1	-1	-1	-1	-1	-1	-1	-1	-1	-1	-1	-1	-1	-1	-1	-1	-1	-1	-1	-1	-1	-1	-1        //Pants 
5309		"Options Of Zeus 1.0"	7	43	1	44	1	45	1	-1	-1	-1	-1	-1	-1	-1	-1	-1	-1	-1	-1	-1	-1	-1	-1	-1	-1	-1	-1	-1	-1	-1	-1        //Boots 
5821		"Options Of Zeus 1.0"	7	43	1	44	1	45	1	-1	-1	-1	-1	-1	-1	-1	-1	-1	-1	-1	-1	-1	-1	-1	-1	-1	-1	-1	-1	-1	-1	-1	-1        //Gloves
3774		"Options Of Zeus 1.0"	7	43	1	44	1	45	1	-1	-1	-1	-1	-1	-1	-1	-1	-1	-1	-1	-1	-1	-1	-1	-1	-1	-1	-1	-1	-1	-1	-1	-1        //Helm  [F]
4286		"Options Of Zeus 1.0"	7	43	1	44	1	45	1	-1	-1	-1	-1	-1	-1	-1	-1	-1	-1	-1	-1	-1	-1	-1	-1	-1	-1	-1	-1	-1	-1	-1	-1        //Armor 
4798		"Options Of Zeus 1.0"	7	43	1	44	1	45	1	-1	-1	-1	-1	-1	-1	-1	-1	-1	-1	-1	-1	-1	-1	-1	-1	-1	-1	-1	-1	-1	-1	-1	-1        //Pants 
5310		"Options Of Zeus 1.0"	7	43	1	44	1	45	1	-1	-1	-1	-1	-1	-1	-1	-1	-1	-1	-1	-1	-1	-1	-1	-1	-1	-1	-1	-1	-1	-1	-1	-1        //Boots 
5822		"Options Of Zeus 1.0"	7	43	1	44	1	45	1	-1	-1	-1	-1	-1	-1	-1	-1	-1	-1	-1	-1	-1	-1	-1	-1	-1	-1	-1	-1	-1	-1	-1	-1        //Gloves  
6440		"Options Of Zeus 1.0"	7	18	1	0	1	65     -1	20	1	21	1	103	1	118	1	103	1	104	1	105	1	34	 1	107	1	108	1	30	1	110	1         //Cape 
6439		"Options Of Zeus 1.0"	7	18	1	0	1	65     -1	20	1	21	1	103	1	118	1	103	1	104	1	105	1	34	 1	107	1	108	1	30	1	110	1         //Wing 
//==================================================================================================================================================================================================================================================================================================
//Options Of Horus
//==================================================================================================================================================================================================================================================================================================
82		"Options Of Horus"	16	6	1	119	1	8	1	9	1	4	1	-1	-1	-1	-1	-1	-1	-1	-1	-1	-1	-1	-1	-1	-1	-1	-1	-1	-1	-1	-1        //Sword
2130		"Options Of Horus"	16	121	1	123	1	122	1	124	1	-1	-1	-1	-1	-1	-1	-1	-1	-1	-1	-1	-1	-1	-1	-1	-1	-1	-1	-1	-1	-1	-1        //Ring
2131		"Options Of Horus"	16	121	1	116	1	122	1	-1	-1	-1	-1	-1	-1	-1	-1	-1	-1	-1	-1	-1	-1	-1	-1	-1	-1	-1	-1	-1	-1	-1	-1        //Pedant
3125		"Options Of Horus"	16	40	1	41	1	42	1	-1	-1	-1	-1	-1	-1	-1	-1	-1	-1	-1	-1	-1	-1	-1	-1	-1	-1	-1	-1	-1	-1	-1	-1        //Shield
1071		"Options Of Horus"	16	6	1	7	1	8	1	9	1	101	1	-1	-1	-1	-1	-1	-1	-1	-1	-1	-1	-1	-1	-1	-1	-1	-1	-1	-1	-1	-1        //Mace
2092		"Options Of Horus"	16	56	1	57	1	58	1	48	1	-1	-1	-1	-1	-1	-1	-1	-1	-1	-1	-1	-1	-1	-1	-1	-1	-1	-1	-1	-1	-1	-1        //Bow
2625		"Options Of Horus"	16	14	1	15	1	16	1	120	1	-1	-1	-1	-1	-1	-1	-1	-1	-1	-1	-1	-1	-1	-1	-1	-1	-1	-1	-1	-1	-1	-1        //Staff
3749		"Options Of Horus"	16	43	1	44	1	45	1	-1	-1	-1	-1	-1	-1	-1	-1	-1	-1	-1	-1	-1	-1	-1	-1	-1	-1	-1	-1	-1	-1	-1	-1        //Helm   [M]
4261		"Options Of Horus"	16	43	1	44	1	45	1	-1	-1	-1	-1	-1	-1	-1	-1	-1	-1	-1	-1	-1	-1	-1	-1	-1	-1	-1	-1	-1	-1	-1	-1        //Armor 
4773		"Options Of Horus"	16	43	1	44	1	45	1	-1	-1	-1	-1	-1	-1	-1	-1	-1	-1	-1	-1	-1	-1	-1	-1	-1	-1	-1	-1	-1	-1	-1	-1        //Pants 
5285		"Options Of Horus"	16	43	1	44	1	45	1	-1	-1	-1	-1	-1	-1	-1	-1	-1	-1	-1	-1	-1	-1	-1	-1	-1	-1	-1	-1	-1	-1	-1	-1        //Boots 
5797		"Options Of Horus"	16	43	1	44	1	45	1	-1	-1	-1	-1	-1	-1	-1	-1	-1	-1	-1	-1	-1	-1	-1	-1	-1	-1	-1	-1	-1	-1	-1	-1        //Gloves
3750		"Options Of Horus"	16	43	1	44	1	45	1	-1	-1	-1	-1	-1	-1	-1	-1	-1	-1	-1	-1	-1	-1	-1	-1	-1	-1	-1	-1	-1	-1	-1	-1        //Helm   [F]
4262		"Options Of Horus"	16	43	1	44	1	45	1	-1	-1	-1	-1	-1	-1	-1	-1	-1	-1	-1	-1	-1	-1	-1	-1	-1	-1	-1	-1	-1	-1	-1	-1        //Armor 
4774		"Options Of Horus"	16	43	1	44	1	45	1	-1	-1	-1	-1	-1	-1	-1	-1	-1	-1	-1	-1	-1	-1	-1	-1	-1	-1	-1	-1	-1	-1	-1	-1        //Pants 
5286		"Options Of Horus"	16	43	1	44	1	45	1	-1	-1	-1	-1	-1	-1	-1	-1	-1	-1	-1	-1	-1	-1	-1	-1	-1	-1	-1	-1	-1	-1	-1	-1        //Boots 
5798		"Options Of Horus"	16	43	1	44	1	45	1	-1	-1	-1	-1	-1	-1	-1	-1	-1	-1	-1	-1	-1	-1	-1	-1	-1	-1	-1	-1	-1	-1	-1	-1        //Gloves  
6314		"Options Of Horus"	16	18	1	0	1	65     -1	20	1	21	1	103	1	118	1	103	1	104	1	105	1	34	 1	107	1	108	1	30	1	110	1         //Cape 
6325		"Options Of Horus"	16	18	1	0	1	65     -1	20	1	21	1	103	1	118	1	103	1	104	1	105	1	34	 1	107	1	108	1	30	1	110	1         //Wing 
6326		"Options Of Horus"	16	18	1	0	1	65     -1	20	1	21	1	103	1	118	1	103	1	104	1	105	1	34	 1	107	1	108	1	30	1	110	1         //Wing 
//==================================================================================================================================================================================================================================================================================================
//Options Of Holy
//==================================================================================================================================================================================================================================================================================================
84		"Options Of Holy"	8	6	1	119	1	8	1	9	1	4	1	-1	-1	-1	-1	-1	-1	-1	-1	-1	-1	-1	-1	-1	-1	-1	-1	-1	-1	-1	-1        //Sword
2134		"Options Of Holy"	8	121	1	123	1	122	1	124	1	-1	-1	-1	-1	-1	-1	-1	-1	-1	-1	-1	-1	-1	-1	-1	-1	-1	-1	-1	-1	-1	-1        //Ring
2135		"Options Of Holy"	8	121	1	116	1	122	1	-1	-1	-1	-1	-1	-1	-1	-1	-1	-1	-1	-1	-1	-1	-1	-1	-1	-1	-1	-1	-1	-1	-1	-1        //Pedant
3127		"Options Of Holy"	8	40	1	41	1	42	1	-1	-1	-1	-1	-1	-1	-1	-1	-1	-1	-1	-1	-1	-1	-1	-1	-1	-1	-1	-1	-1	-1	-1	-1        //Shield
1073		"Options Of Holy"	8	6	1	7	1	8	1	9	1	101	1	-1	-1	-1	-1	-1	-1	-1	-1	-1	-1	-1	-1	-1	-1	-1	-1	-1	-1	-1	-1        //Mace
2093		"Options Of Holy"	8	56	1	57	1	58	1	48	1	-1	-1	-1	-1	-1	-1	-1	-1	-1	-1	-1	-1	-1	-1	-1	-1	-1	-1	-1	-1	-1	-1        //Bow
2627		"Options Of Holy"	8	14	1	15	1	16	1	120	1	-1	-1	-1	-1	-1	-1	-1	-1	-1	-1	-1	-1	-1	-1	-1	-1	-1	-1	-1	-1	-1	-1        //Staff
3752		"Options Of Holy"	8	43	1	44	1	45	1	-1	-1	-1	-1	-1	-1	-1	-1	-1	-1	-1	-1	-1	-1	-1	-1	-1	-1	-1	-1	-1	-1	-1	-1        //Helm [M]
4264		"Options Of Holy"	8	43	1	44	1	45	1	-1	-1	-1	-1	-1	-1	-1	-1	-1	-1	-1	-1	-1	-1	-1	-1	-1	-1	-1	-1	-1	-1	-1	-1        //Armor 
4776		"Options Of Holy"	8	43	1	44	1	45	1	-1	-1	-1	-1	-1	-1	-1	-1	-1	-1	-1	-1	-1	-1	-1	-1	-1	-1	-1	-1	-1	-1	-1	-1        //Pants 
5288		"Options Of Holy"	8	43	1	44	1	45	1	-1	-1	-1	-1	-1	-1	-1	-1	-1	-1	-1	-1	-1	-1	-1	-1	-1	-1	-1	-1	-1	-1	-1	-1        //Boots 
5800		"Options Of Holy"	8	43	1	44	1	45	1	-1	-1	-1	-1	-1	-1	-1	-1	-1	-1	-1	-1	-1	-1	-1	-1	-1	-1	-1	-1	-1	-1	-1	-1        //Gloves
3753		"Options Of Holy"	8	43	1	44	1	45	1	-1	-1	-1	-1	-1	-1	-1	-1	-1	-1	-1	-1	-1	-1	-1	-1	-1	-1	-1	-1	-1	-1	-1	-1        //Helm [F]
4265		"Options Of Holy"	8	43	1	44	1	45	1	-1	-1	-1	-1	-1	-1	-1	-1	-1	-1	-1	-1	-1	-1	-1	-1	-1	-1	-1	-1	-1	-1	-1	-1        //Armor 
4777		"Options Of Holy"	8	43	1	44	1	45	1	-1	-1	-1	-1	-1	-1	-1	-1	-1	-1	-1	-1	-1	-1	-1	-1	-1	-1	-1	-1	-1	-1	-1	-1        //Pants 
5289		"Options Of Holy"	8	43	1	44	1	45	1	-1	-1	-1	-1	-1	-1	-1	-1	-1	-1	-1	-1	-1	-1	-1	-1	-1	-1	-1	-1	-1	-1	-1	-1        //Boots 
5801		"Options Of Holy"	8	43	1	44	1	45	1	-1	-1	-1	-1	-1	-1	-1	-1	-1	-1	-1	-1	-1	-1	-1	-1	-1	-1	-1	-1	-1	-1	-1	-1        //Gloves  
6329		"Options Of Holy"	8	18	1	0	1	65     -1	20	1	21	1	103	1	118	1	103	1	104	1	105	1	34	 1	107	1	108	1	30	1	110	1         // Cape 
6330		"Options Of Holy"	8	18	1	0	1	65     -1	20	1	21	1	103	1	118	1	103	1	104	1	105	1	34	 1	107	1	108	1	30	1	110	1         // Wing 
//==================================================================================================================================================================================================================================================================================================
//Options Of Steel 2.0
//==================================================================================================================================================================================================================================================================================================
78		"Options Of Steel 2.0"	8	6	1	119	1	8	1	9	1	4	1	-1	-1	-1	-1	-1	-1	-1	-1	-1	-1	-1	-1	-1	-1	-1	-1	-1	-1	-1	-1        //Sword
1081		"Options Of Steel 2.0"	8	6	1	7	1	8	1	9	1	101	1	-1	-1	-1	-1	-1	-1	-1	-1	-1	-1	-1	-1	-1	-1	-1	-1	-1	-1	-1	-1        ///Mace
1082		"Options Of Steel 2.0"	8	6	1	7	1	8	1	9	1	101	1	-1	-1	-1	-1	-1	-1	-1	-1	-1	-1	-1	-1	-1	-1	-1	-1	-1	-1	-1	-1        ///Lança
2128		"Options Of Steel 2.0"	8	121	1	123	1	122	1	124	1	-1	-1	-1	-1	-1	-1	-1	-1	-1	-1	-1	-1	-1	-1	-1	-1	-1	-1	-1	-1	-1	-1        //Ring
2129		"Options Of Steel 2.0"	8	121	1	116	1	122	1	-1	-1	-1	-1	-1	-1	-1	-1	-1	-1	-1	-1	-1	-1	-1	-1	-1	-1	-1	-1	-1	-1	-1	-1        //Pedant
3124		"Options Of Steel 2.0"	8	40	1	41	1	42	1	-1	-1	-1	-1	-1	-1	-1	-1	-1	-1	-1	-1	-1	-1	-1	-1	-1	-1	-1	-1	-1	-1	-1	-1        //Shield
2091		"Options Of Steel 2.0"	8	56	1	57	1	58	1	48	1	-1	-1	-1	-1	-1	-1	-1	-1	-1	-1	-1	-1	-1	-1	-1	-1	-1	-1	-1	-1	-1	-1        //Bow
2610		"Options Of Steel 2.0"	8	14	1	15	1	16	1	120	1	-1	-1	-1	-1	-1	-1	-1	-1	-1	-1	-1	-1	-1	-1	-1	-1	-1	-1	-1	-1	-1	-1        //Staff
3740		"Options Of Steel 2.0"	8	43	1	44	1	45	1	-1	-1	-1	-1	-1	-1	-1	-1	-1	-1	-1	-1	-1	-1	-1	-1	-1	-1	-1	-1	-1	-1	-1	-1        //Helm  [M]
4252		"Options Of Steel 2.0"	8	43	1	44	1	45	1	-1	-1	-1	-1	-1	-1	-1	-1	-1	-1	-1	-1	-1	-1	-1	-1	-1	-1	-1	-1	-1	-1	-1	-1        //Armor 
4764		"Options Of Steel 2.0"	8	43	1	44	1	45	1	-1	-1	-1	-1	-1	-1	-1	-1	-1	-1	-1	-1	-1	-1	-1	-1	-1	-1	-1	-1	-1	-1	-1	-1        //Pants 
5276		"Options Of Steel 2.0"	8	43	1	44	1	45	1	-1	-1	-1	-1	-1	-1	-1	-1	-1	-1	-1	-1	-1	-1	-1	-1	-1	-1	-1	-1	-1	-1	-1	-1        //Boots 
5788		"Options Of Steel 2.0"	8	43	1	44	1	45	1	-1	-1	-1	-1	-1	-1	-1	-1	-1	-1	-1	-1	-1	-1	-1	-1	-1	-1	-1	-1	-1	-1	-1	-1        //Gloves
3748		"Options Of Steel 2.0"	8	43	1	44	1	45	1	-1	-1	-1	-1	-1	-1	-1	-1	-1	-1	-1	-1	-1	-1	-1	-1	-1	-1	-1	-1	-1	-1	-1	-1        //Helm  [F]
4260		"Options Of Steel 2.0"	8	43	1	44	1	45	1	-1	-1	-1	-1	-1	-1	-1	-1	-1	-1	-1	-1	-1	-1	-1	-1	-1	-1	-1	-1	-1	-1	-1	-1        //Armor 
4772		"Options Of Steel 2.0"	8	43	1	44	1	45	1	-1	-1	-1	-1	-1	-1	-1	-1	-1	-1	-1	-1	-1	-1	-1	-1	-1	-1	-1	-1	-1	-1	-1	-1        //Pants 
5284		"Options Of Steel 2.0"	8	43	1	44	1	45	1	-1	-1	-1	-1	-1	-1	-1	-1	-1	-1	-1	-1	-1	-1	-1	-1	-1	-1	-1	-1	-1	-1	-1	-1        //Boots 
5796		"Options Of Steel 2.0"	8	43	1	44	1	45	1	-1	-1	-1	-1	-1	-1	-1	-1	-1	-1	-1	-1	-1	-1	-1	-1	-1	-1	-1	-1	-1	-1	-1	-1        //Gloves  
6323		"Options Of Steel 2.0"	8	18	1	0	1	65     -1	20	1	21	1	103	1	118	1	103	1	104	1	105	1	34	 1	107	1	108	1	30	1	110	1         //Wing 
6324		"Options Of Steel 2.0"	8	18	1	0	1	65     -1	20	1	21	1	103	1	118	1	103	1	104	1	105	1	34	 1	107	1	108	1	30	1	110	1         //Capa 
//==================================================================================================================================================================================================================================================================================================
//Options Dark Pirate
//==================================================================================================================================================================================================================================================================================================
37		"Options Dark Pirate"	5	90	1	91	1	92	1	-1	-1	-1	-1	-1	-1	-1	-1	-1	-1	-1	-1	-1	-1	-1	-1	-1	-1	-1	-1	-1	-1	-1	-1      ///Sword
2136		"Options Dark Pirate"	5	121	1	123	1	122	1	124	1	-1	-1	-1	-1	-1	-1	-1	-1	-1	-1	-1	-1	-1	-1	-1	-1	-1	-1	-1	-1	-1	-1      ///Ring
2137		"Options Dark Pirate"	5	121	1	116	1	122	1	-1	-1	-1	-1	-1	-1	-1	-1	-1	-1	-1	-1	-1	-1	-1	-1	-1	-1	-1	-1	-1	-1	-1	-1      ///Pedant
1063		"Options Dark Pirate"	5	6	1	7	1	8	1	9	1	101	1	-1	-1	-1	-1	-1	-1	-1	-1	-1	-1	-1	-1	-1	-1	-1	-1	-1	-1	-1	-1      ///Mace
2094		"Options Dark Pirate"	5	56	1	57	1	58	1	48	1	-1	-1	-1	-1	-1	-1	-1	-1	-1	-1	-1	-1	-1	-1	-1	-1	-1	-1	-1	-1	-1	-1      //Bow
6331		"Options Dark Pirate"	5	96	1	97	1	98     -1	99	1	100	1	101	1	102	1	103	1	104	1	105	1	106	 1	107	1	108	1	109	1	110	1       ///Cape
3128		"Options Dark Pirate"	5	93	1	94	1	95	1	-1	-1	-1	-1	-1	-1	-1	-1	-1	-1	-1	-1	-1	-1	-1	-1	-1	-1	-1	-1	-1	-1	-1	-1      ///Shield
3724		"Options Dark Pirate"   5	43	1	44	1	45	1	-1	-1	-1	-1	-1	-1	-1	-1	-1	-1	-1	-1	-1	-1	-1	-1	-1	-1	-1	-1	-1	-1	-1	-1      ///Helm [M]
4236		"Options Dark Pirate"	5	43	1	44	1	45	1	-1	-1	-1	-1	-1	-1	-1	-1	-1	-1	-1	-1	-1	-1	-1	-1	-1	-1	-1	-1	-1	-1	-1	-1      ///Armor
4748		"Options Dark Pirate"	5	43	1	44	1	45	1	-1	-1	-1	-1	-1	-1	-1	-1	-1	-1	-1	-1	-1	-1	-1	-1	-1	-1	-1	-1	-1	-1	-1	-1      ///Pants
5260		"Options Dark Pirate"	5	43	1	44	1	45	1	-1	-1	-1	-1	-1	-1	-1	-1	-1	-1	-1	-1	-1	-1	-1	-1	-1	-1	-1	-1	-1	-1	-1	-1      ///Gloves
5772		"Options Dark Pirate"	5	43	1	44	1	45	1	-1	-1	-1	-1	-1	-1	-1	-1	-1	-1	-1	-1	-1	-1	-1	-1	-1	-1	-1	-1	-1	-1	-1	-1      ///Boots
3699		"Options Dark Pirate"   5	43	1	44	1	45	1	-1	-1	-1	-1	-1	-1	-1	-1	-1	-1	-1	-1	-1	-1	-1	-1	-1	-1	-1	-1	-1	-1	-1	-1      ///Helm [F]
4211		"Options Dark Pirate"	5	43	1	44	1	45	1	-1	-1	-1	-1	-1	-1	-1	-1	-1	-1	-1	-1	-1	-1	-1	-1	-1	-1	-1	-1	-1	-1	-1	-1      ///Armor
4723		"Options Dark Pirate"	5	43	1	44	1	45	1	-1	-1	-1	-1	-1	-1	-1	-1	-1	-1	-1	-1	-1	-1	-1	-1	-1	-1	-1	-1	-1	-1	-1	-1      ///Pants
5235		"Options Dark Pirate"	5	43	1	44	1	45	1	-1	-1	-1	-1	-1	-1	-1	-1	-1	-1	-1	-1	-1	-1	-1	-1	-1	-1	-1	-1	-1	-1	-1	-1      ///Gloves
5747		"Options Dark Pirate"	5	43	1	44	1	45	1	-1	-1	-1	-1	-1	-1	-1	-1	-1	-1	-1	-1	-1	-1	-1	-1	-1	-1	-1	-1	-1	-1	-1	-1      ///Boots
//==================================================================================================================================================================================================================================================================================================
//Options Blood Vampire
//==================================================================================================================================================================================================================================================================================================
58		"Options Blood Vampire"	5	90	1	91	1	92	1	-1	-1	-1	-1	-1	-1	-1	-1	-1	-1	-1	-1	-1	-1	-1	-1	-1	-1	-1	-1	-1	-1	-1	-1      ///Sword
1076		"Options Blood Vampire"	5	6	1	7	1	8	1	9	1	101	1	-1	-1	-1	-1	-1	-1	-1	-1	-1	-1	-1	-1	-1	-1	-1	-1	-1	-1	-1	-1      ///Mace
2096		"Options Blood Vampire"	5	56	1	57	1	58	1	48	1	-1	-1	-1	-1	-1	-1	-1	-1	-1	-1	-1	-1	-1	-1	-1	-1	-1	-1	-1	-1	-1	-1      //Bow
2597		"Options Blood Vampire"	5	14	1	15	1	16	1	120	1	-1	-1	-1	-1	-1	-1	-1	-1	-1	-1	-1	-1	-1	-1	-1	-1	-1	-1	-1	-1	-1	-1      //Staff
6321		"Options Blood Vampire"	5	96	1	97	1	98     -1	99	1	100	1	101	1	102	1	103	1	104	1	105	1	106	 1	107	1	108	1	109	1	110	1       ///Wing
6322		"Options Blood Vampire"	5	96	1	97	1	98     -1	99	1	100	1	101	1	102	1	103	1	104	1	105	1	106	 1	107	1	108	1	109	1	110	1       ///Cape
3123		"Options Blood Vampire"	5	93	1	94	1	95	1	-1	-1	-1	-1	-1	-1	-1	-1	-1	-1	-1	-1	-1	-1	-1	-1	-1	-1	-1	-1	-1	-1	-1	-1      ///Shield
3739		"Options Blood Vampire" 5	43	1	44	1	45	1	-1	-1	-1	-1	-1	-1	-1	-1	-1	-1	-1	-1	-1	-1	-1	-1	-1	-1	-1	-1	-1	-1	-1	-1      ///Helm [M]
4251		"Options Blood Vampire"	5	43	1	44	1	45	1	-1	-1	-1	-1	-1	-1	-1	-1	-1	-1	-1	-1	-1	-1	-1	-1	-1	-1	-1	-1	-1	-1	-1	-1      ///Armor
4763		"Options Blood Vampire"	5	43	1	44	1	45	1	-1	-1	-1	-1	-1	-1	-1	-1	-1	-1	-1	-1	-1	-1	-1	-1	-1	-1	-1	-1	-1	-1	-1	-1      ///Pants
5275		"Options Blood Vampire"	5	43	1	44	1	45	1	-1	-1	-1	-1	-1	-1	-1	-1	-1	-1	-1	-1	-1	-1	-1	-1	-1	-1	-1	-1	-1	-1	-1	-1      ///Gloves
5787		"Options Blood Vampire"	5	43	1	44	1	45	1	-1	-1	-1	-1	-1	-1	-1	-1	-1	-1	-1	-1	-1	-1	-1	-1	-1	-1	-1	-1	-1	-1	-1	-1      ///Boots
//==================================================================================================================================================================================================================================================================================================
//Options Of New 2022
//==================================================================================================================================================================================================================================================================================================
88		"Options Of New 2022"	23	6	1	119	1	8	1	9	1	4	1	-1	-1	-1	-1	-1	-1	-1	-1	-1	-1	-1	-1	-1	-1	-1	-1	-1	-1	-1	-1        //Sword
2138		"Options Of New 2022"	23	121	1	123	1	122	1	124	1	-1	-1	-1	-1	-1	-1	-1	-1	-1	-1	-1	-1	-1	-1	-1	-1	-1	-1	-1	-1	-1	-1        //Ring
2139		"Options Of New 2022"	23	121	1	116	1	122	1	-1	-1	-1	-1	-1	-1	-1	-1	-1	-1	-1	-1	-1	-1	-1	-1	-1	-1	-1	-1	-1	-1	-1	-1        //Pedant
3130		"Options Of New 2022"	23	40	1	41	1	42	1	-1	-1	-1	-1	-1	-1	-1	-1	-1	-1	-1	-1	-1	-1	-1	-1	-1	-1	-1	-1	-1	-1	-1	-1        //Shield
1077		"Options Of New 2022"	23	6	1	7	1	8	1	9	1	101	1	-1	-1	-1	-1	-1	-1	-1	-1	-1	-1	-1	-1	-1	-1	-1	-1	-1	-1	-1	-1        //Mace
524		"Options Of New 2022"	23	6	1	7	1	8	1	9	1	101	1	-1	-1	-1	-1	-1	-1	-1	-1	-1	-1	-1	-1	-1	-1	-1	-1	-1	-1	-1	-1        //Axe
2629		"Options Of New 2022"	23	14	1	15	1	16	1	120	1	-1	-1	-1	-1	-1	-1	-1	-1	-1	-1	-1	-1	-1	-1	-1	-1	-1	-1	-1	-1	-1	-1        //Staff
3788		"Options Of New 2022"	23	159	1	44	1	45	1	-1	-1	-1	-1	-1	-1	-1	-1	-1	-1	-1	-1	-1	-1	-1	-1	-1	-1	-1	-1	-1	-1	-1	-1        //Helm [M]
4300		"Options Of New 2022"	23	159	1	44	1	45	1	-1	-1	-1	-1	-1	-1	-1	-1	-1	-1	-1	-1	-1	-1	-1	-1	-1	-1	-1	-1	-1	-1	-1	-1        //Armor 
4812		"Options Of New 2022"	23	159	1	44	1	45	1	-1	-1	-1	-1	-1	-1	-1	-1	-1	-1	-1	-1	-1	-1	-1	-1	-1	-1	-1	-1	-1	-1	-1	-1        //Pants 
5324		"Options Of New 2022"	23	159	1	44	1	45	1	-1	-1	-1	-1	-1	-1	-1	-1	-1	-1	-1	-1	-1	-1	-1	-1	-1	-1	-1	-1	-1	-1	-1	-1        //Boots 
5836		"Options Of New 2022"	23	159	1	44	1	45	1	-1	-1	-1	-1	-1	-1	-1	-1	-1	-1	-1	-1	-1	-1	-1	-1	-1	-1	-1	-1	-1	-1	-1	-1        //Gloves
6332		"Options Of New 2022"	23	18	1	0	1	65     -1	20	1	21	1	103	1	118	1	103	1	104	1	105	1	34	 1	107	1	108	1	30	1	110	1         //Wing
//==================================================================================================================================================================================================================================================================================================
//Options Of Fantasy
//==================================================================================================================================================================================================================================================================================================
91		"Options Of Fantasy"	15	6	1	119	1	8	1	9	1	4	1	-1	-1	-1	-1	-1	-1	-1	-1	-1	-1	-1	-1	-1	-1	-1	-1	-1	-1	-1	-1        //Sword
2142		"Options Of Fantasy"	15	121	1	123	1	122	1	124	1	-1	-1	-1	-1	-1	-1	-1	-1	-1	-1	-1	-1	-1	-1	-1	-1	-1	-1	-1	-1	-1	-1        //Ring
2143		"Options Of Fantasy"	15	121	1	116	1	122	1	-1	-1	-1	-1	-1	-1	-1	-1	-1	-1	-1	-1	-1	-1	-1	-1	-1	-1	-1	-1	-1	-1	-1	-1        //Pedant
3133		"Options Of Fantasy"	15	40	1	41	1	42	1	-1	-1	-1	-1	-1	-1	-1	-1	-1	-1	-1	-1	-1	-1	-1	-1	-1	-1	-1	-1	-1	-1	-1	-1        //Shield
1079		"Options Of Fantasy"	15	6	1	7	1	8	1	9	1	101	1	-1	-1	-1	-1	-1	-1	-1	-1	-1	-1	-1	-1	-1	-1	-1	-1	-1	-1	-1	-1        //Mace
3788		"Options Of Fantasy"	15	159	1	44	1	45	1	-1	-1	-1	-1	-1	-1	-1	-1	-1	-1	-1	-1	-1	-1	-1	-1	-1	-1	-1	-1	-1	-1	-1	-1        //Helm 
3779		"Options Of Fantasy"	15	159	1	44	1	45	1	-1	-1	-1	-1	-1	-1	-1	-1	-1	-1	-1	-1	-1	-1	-1	-1	-1	-1	-1	-1	-1	-1	-1	-1        //Armor 
4291		"Options Of Fantasy"	15	159	1	44	1	45	1	-1	-1	-1	-1	-1	-1	-1	-1	-1	-1	-1	-1	-1	-1	-1	-1	-1	-1	-1	-1	-1	-1	-1	-1        //Pants 
4803		"Options Of Fantasy"	15	159	1	44	1	45	1	-1	-1	-1	-1	-1	-1	-1	-1	-1	-1	-1	-1	-1	-1	-1	-1	-1	-1	-1	-1	-1	-1	-1	-1        //Boots
5315		"Options Of Fantasy"	15	159	1	44	1	45	1	-1	-1	-1	-1	-1	-1	-1	-1	-1	-1	-1	-1	-1	-1	-1	-1	-1	-1	-1	-1	-1	-1	-1	-1        //Gloves 
5827		"Options Of Fantasy"	15	159	1	44	1	45	1	-1	-1	-1	-1	-1	-1	-1	-1	-1	-1	-1	-1	-1	-1	-1	-1	-1	-1	-1	-1	-1	-1	-1	-1        //Gloves
6337		"Options Of Fantasy"	15	18	1	0	1	65     -1	20	1	21	1	103	1	118	1	103	1	104	1	105	1	34	 1	107	1	108	1	30	1	110	1         //Wing
6338		"Options Of Fantasy"	15	18	1	0	1	65     -1	20	1	21	1	103	1	118	1	103	1	104	1	105	1	34	 1	107	1	108	1	30	1	110	1         //Cape
//==================================================================================================================================================================================================================================================================================================
//Options Light Hawk
//==================================================================================================================================================================================================================================================================================================
92		"Options Light Hawk"	8	6	1	119	1	8	1	9	1	4	1	-1	-1	-1	-1	-1	-1	-1	-1	-1	-1	-1	-1	-1	-1	-1	-1	-1	-1	-1	-1        //Sword
2144		"Options Light Hawk"	8	121	1	123	1	122	1	124	1	-1	-1	-1	-1	-1	-1	-1	-1	-1	-1	-1	-1	-1	-1	-1	-1	-1	-1	-1	-1	-1	-1        //Ring
2145		"Options Light Hawk"	8	121	1	116	1	122	1	-1	-1	-1	-1	-1	-1	-1	-1	-1	-1	-1	-1	-1	-1	-1	-1	-1	-1	-1	-1	-1	-1	-1	-1        //Pedant
3134		"Options Light Hawk"	8	40	1	41	1	42	1	-1	-1	-1	-1	-1	-1	-1	-1	-1	-1	-1	-1	-1	-1	-1	-1	-1	-1	-1	-1	-1	-1	-1	-1        //Shield
1080		"Options Light Hawk"	8	6	1	7	1	8	1	9	1	101	1	-1	-1	-1	-1	-1	-1	-1	-1	-1	-1	-1	-1	-1	-1	-1	-1	-1	-1	-1	-1        //Mace
2105		"Options Light Hawk"	8	56	1	57	1	58	1	48	1	-1	-1	-1	-1	-1	-1	-1	-1	-1	-1	-1	-1	-1	-1	-1	-1	-1	-1	-1	-1	-1	-1        //Bow
3754		"Options Light Hawk"	8	159	1	44	1	45	1	-1	-1	-1	-1	-1	-1	-1	-1	-1	-1	-1	-1	-1	-1	-1	-1	-1	-1	-1	-1	-1	-1	-1	-1        //Helm 
4266		"Options Light Hawk"	8	159	1	44	1	45	1	-1	-1	-1	-1	-1	-1	-1	-1	-1	-1	-1	-1	-1	-1	-1	-1	-1	-1	-1	-1	-1	-1	-1	-1        //Armor 
4778		"Options Light Hawk"	8	159	1	44	1	45	1	-1	-1	-1	-1	-1	-1	-1	-1	-1	-1	-1	-1	-1	-1	-1	-1	-1	-1	-1	-1	-1	-1	-1	-1        //Pants 
5290		"Options Light Hawk"	8	159	1	44	1	45	1	-1	-1	-1	-1	-1	-1	-1	-1	-1	-1	-1	-1	-1	-1	-1	-1	-1	-1	-1	-1	-1	-1	-1	-1        //Gloves
5802		"Options Light Hawk"	8	159	1	44	1	45	1	-1	-1	-1	-1	-1	-1	-1	-1	-1	-1	-1	-1	-1	-1	-1	-1	-1	-1	-1	-1	-1	-1	-1	-1        //Boots
3755		"Options Light Hawk"	8	159	1	44	1	45	1	-1	-1	-1	-1	-1	-1	-1	-1	-1	-1	-1	-1	-1	-1	-1	-1	-1	-1	-1	-1	-1	-1	-1	-1        //Helm 
4267		"Options Light Hawk"	8	159	1	44	1	45	1	-1	-1	-1	-1	-1	-1	-1	-1	-1	-1	-1	-1	-1	-1	-1	-1	-1	-1	-1	-1	-1	-1	-1	-1        //Armor 
4779		"Options Light Hawk"	8	159	1	44	1	45	1	-1	-1	-1	-1	-1	-1	-1	-1	-1	-1	-1	-1	-1	-1	-1	-1	-1	-1	-1	-1	-1	-1	-1	-1        //Pants 
5291		"Options Light Hawk"	8	159	1	44	1	45	1	-1	-1	-1	-1	-1	-1	-1	-1	-1	-1	-1	-1	-1	-1	-1	-1	-1	-1	-1	-1	-1	-1	-1	-1        //Gloves
5803		"Options Light Hawk"	8	159	1	44	1	45	1	-1	-1	-1	-1	-1	-1	-1	-1	-1	-1	-1	-1	-1	-1	-1	-1	-1	-1	-1	-1	-1	-1	-1	-1        //Boots  
6379		"Options Light Hawk"	8	18	1	0	1	65     -1	20	1	21	1	103	1	118	1	103	1	104	1	105	1	34	 1	107	1	108	1	30	1	110	1         //Wing
6380		"Options Light Hawk"	8	18	1	0	1	65     -1	20	1	21	1	103	1	118	1	103	1	104	1	105	1	34	 1	107	1	108	1	30	1	110	1         //Cape
//==================================================================================================================================================================================================================================================================================================
//Options Fire King 2.0
//==================================================================================================================================================================================================================================================================================================
89		"Options Fire King 2.0"	5	6	1	119	1	8	1	9	1	4	1	-1	-1	-1	-1	-1	-1	-1	-1	-1	-1	-1	-1	-1	-1	-1	-1	-1	-1	-1	-1        //Sword
3131		"Options Fire King 2.0"	5	40	1	41	1	42	1	-1	-1	-1	-1	-1	-1	-1	-1	-1	-1	-1	-1	-1	-1	-1	-1	-1	-1	-1	-1	-1	-1	-1	-1        //Shield
1078		"Options Fire King 2.0"	5	6	1	7	1	8	1	9	1	101	1	-1	-1	-1	-1	-1	-1	-1	-1	-1	-1	-1	-1	-1	-1	-1	-1	-1	-1	-1	-1        //Mace
2097		"Options Fire King 2.0"	5	56	1	57	1	58	1	48	1	-1	-1	-1	-1	-1	-1	-1	-1	-1	-1	-1	-1	-1	-1	-1	-1	-1	-1	-1	-1	-1	-1        //Bow
2630		"Options Fire King 2.0"	5	14	1	15	1	16	1	120	1	-1	-1	-1	-1	-1	-1	-1	-1	-1	-1	-1	-1	-1	-1	-1	-1	-1	-1	-1	-1	-1	-1        //Staff
3775		"Options Fire King 2.0"	5	43	1	44	1	45	1	-1	-1	-1	-1	-1	-1	-1	-1	-1	-1	-1	-1	-1	-1	-1	-1	-1	-1	-1	-1	-1	-1	-1	-1        //Helm [M]
4287		"Options Fire King 2.0"	5	43	1	44	1	45	1	-1	-1	-1	-1	-1	-1	-1	-1	-1	-1	-1	-1	-1	-1	-1	-1	-1	-1	-1	-1	-1	-1	-1	-1        //Armor 
4799		"Options Fire King 2.0"	5	43	1	44	1	45	1	-1	-1	-1	-1	-1	-1	-1	-1	-1	-1	-1	-1	-1	-1	-1	-1	-1	-1	-1	-1	-1	-1	-1	-1        //Pants 
5311		"Options Fire King 2.0"	5	43	1	44	1	45	1	-1	-1	-1	-1	-1	-1	-1	-1	-1	-1	-1	-1	-1	-1	-1	-1	-1	-1	-1	-1	-1	-1	-1	-1        //Boots 
5823		"Options Fire King 2.0"	5	43	1	44	1	45	1	-1	-1	-1	-1	-1	-1	-1	-1	-1	-1	-1	-1	-1	-1	-1	-1	-1	-1	-1	-1	-1	-1	-1	-1        //Gloves
3776		"Options Fire King 2.0"	5	43	1	44	1	45	1	-1	-1	-1	-1	-1	-1	-1	-1	-1	-1	-1	-1	-1	-1	-1	-1	-1	-1	-1	-1	-1	-1	-1	-1        //Helm [F]
4288		"Options Fire King 2.0"	5	43	1	44	1	45	1	-1	-1	-1	-1	-1	-1	-1	-1	-1	-1	-1	-1	-1	-1	-1	-1	-1	-1	-1	-1	-1	-1	-1	-1        //Armor 
4800		"Options Fire King 2.0"	5	43	1	44	1	45	1	-1	-1	-1	-1	-1	-1	-1	-1	-1	-1	-1	-1	-1	-1	-1	-1	-1	-1	-1	-1	-1	-1	-1	-1        //Pants 
5312		"Options Fire King 2.0"	5	43	1	44	1	45	1	-1	-1	-1	-1	-1	-1	-1	-1	-1	-1	-1	-1	-1	-1	-1	-1	-1	-1	-1	-1	-1	-1	-1	-1        //Boots 
5824		"Options Fire King 2.0"	5	43	1	44	1	45	1	-1	-1	-1	-1	-1	-1	-1	-1	-1	-1	-1	-1	-1	-1	-1	-1	-1	-1	-1	-1	-1	-1	-1	-1        //Gloves  
6333		"Options Fire King 2.0"	5	18	1	0	1	65     -1	20	1	21	1	103	1	118	1	103	1	104	1	105	1	34	 1	107	1	108	1	30	1	110	1         //Cape 
6334		"Options Fire King 2.0"	5	18	1	0	1	65     -1	20	1	21	1	103	1	118	1	103	1	104	1	105	1	34	 1	107	1	108	1	30	1	110	1         //Wing 
//==================================================================================================================================================================================================================================================================================================
//Options Fire Green
//==================================================================================================================================================================================================================================================================================================
90		"Options Fire Green"	24	6	1	119	1	8	1	9	1	4	1	-1	-1	-1	-1	-1	-1	-1	-1	-1	-1	-1	-1	-1	-1	-1	-1	-1	-1	-1	-1        //Sword
2140		"Options Fire Green"	24	121	1	123	1	122	1	124	1	-1	-1	-1	-1	-1	-1	-1	-1	-1	-1	-1	-1	-1	-1	-1	-1	-1	-1	-1	-1	-1	-1        //Ring
2141		"Options Fire Green"	24	121	1	116	1	122	1	-1	-1	-1	-1	-1	-1	-1	-1	-1	-1	-1	-1	-1	-1	-1	-1	-1	-1	-1	-1	-1	-1	-1	-1        //Pedant
3132		"Options Fire Green"	24	40	1	41	1	42	1	-1	-1	-1	-1	-1	-1	-1	-1	-1	-1	-1	-1	-1	-1	-1	-1	-1	-1	-1	-1	-1	-1	-1	-1        //Shield
1051		"Options Fire Green"	24	6	1	7	1	8	1	9	1	101	1	-1	-1	-1	-1	-1	-1	-1	-1	-1	-1	-1	-1	-1	-1	-1	-1	-1	-1	-1	-1        //Mace
525		"Options Fire Green"	24	6	1	7	1	8	1	9	1	101	1	-1	-1	-1	-1	-1	-1	-1	-1	-1	-1	-1	-1	-1	-1	-1	-1	-1	-1	-1	-1        //Axe
2104		"Options Fire Green"	24	56	1	57	1	58	1	48	1	-1	-1	-1	-1	-1	-1	-1	-1	-1	-1	-1	-1	-1	-1	-1	-1	-1	-1	-1	-1	-1	-1        //Bow
2613		"Options Fire Green"	24	14	1	15	1	16	1	120	1	-1	-1	-1	-1	-1	-1	-1	-1	-1	-1	-1	-1	-1	-1	-1	-1	-1	-1	-1	-1	-1	-1        //Staff
3777		"Options Fire Green"	24	43	1	44	1	45	1	-1	-1	-1	-1	-1	-1	-1	-1	-1	-1	-1	-1	-1	-1	-1	-1	-1	-1	-1	-1	-1	-1	-1	-1        //Helm [M]
4289		"Options Fire Green"	24	43	1	44	1	45	1	-1	-1	-1	-1	-1	-1	-1	-1	-1	-1	-1	-1	-1	-1	-1	-1	-1	-1	-1	-1	-1	-1	-1	-1        //Armor 
4801		"Options Fire Green"	24	43	1	44	1	45	1	-1	-1	-1	-1	-1	-1	-1	-1	-1	-1	-1	-1	-1	-1	-1	-1	-1	-1	-1	-1	-1	-1	-1	-1        //Pants 
5313		"Options Fire Green"	24	43	1	44	1	45	1	-1	-1	-1	-1	-1	-1	-1	-1	-1	-1	-1	-1	-1	-1	-1	-1	-1	-1	-1	-1	-1	-1	-1	-1        //Boots 
5825		"Options Fire Green"	24	43	1	44	1	45	1	-1	-1	-1	-1	-1	-1	-1	-1	-1	-1	-1	-1	-1	-1	-1	-1	-1	-1	-1	-1	-1	-1	-1	-1        //Gloves
3778		"Options Fire Green"	24	43	1	44	1	45	1	-1	-1	-1	-1	-1	-1	-1	-1	-1	-1	-1	-1	-1	-1	-1	-1	-1	-1	-1	-1	-1	-1	-1	-1        //Helm [F]
4290		"Options Fire Green"	24	43	1	44	1	45	1	-1	-1	-1	-1	-1	-1	-1	-1	-1	-1	-1	-1	-1	-1	-1	-1	-1	-1	-1	-1	-1	-1	-1	-1        //Armor 
4802		"Options Fire Green"	24	43	1	44	1	45	1	-1	-1	-1	-1	-1	-1	-1	-1	-1	-1	-1	-1	-1	-1	-1	-1	-1	-1	-1	-1	-1	-1	-1	-1        //Pants 
5314		"Options Fire Green"	24	43	1	44	1	45	1	-1	-1	-1	-1	-1	-1	-1	-1	-1	-1	-1	-1	-1	-1	-1	-1	-1	-1	-1	-1	-1	-1	-1	-1        //Boots 
5826		"Options Fire Green"	24	43	1	44	1	45	1	-1	-1	-1	-1	-1	-1	-1	-1	-1	-1	-1	-1	-1	-1	-1	-1	-1	-1	-1	-1	-1	-1	-1	-1        //Gloves  
6335		"Options Fire Green"	24	18	1	0	1	65     -1	20	1	21	1	103	1	118	1	103	1	104	1	105	1	34	 1	107	1	108	1	30	1	110	1         // Cape 
6336		"Options Fire Green"	24	18	1	0	1	65     -1	20	1	21	1	103	1	118	1	103	1	104	1	105	1	34	 1	107	1	108	1	30	1	110	1         // Wing 
//==================================================================================================================================================================================================================================================================================================
//Options BloodRed-2022
//==================================================================================================================================================================================================================================================================================================
93		"Options BloodRed-2022"	5	6	1	119	1	8	1	9	1	4	1	-1	-1	-1	-1	-1	-1	-1	-1	-1	-1	-1	-1	-1	-1	-1	-1	-1	-1	-1	-1        //Sword
2106		"Options BloodRed-2022"	5	56	1	57	1	58	1	48	1	-1	-1	-1	-1	-1	-1	-1	-1	-1	-1	-1	-1	-1	-1	-1	-1	-1	-1	-1	-1	-1	-1        //Bow
2631		"Options BloodRed-2022"	5	14	1	15	1	16	1	120	1	-1	-1	-1	-1	-1	-1	-1	-1	-1	-1	-1	-1	-1	-1	-1	-1	-1	-1	-1	-1	-1	-1        //Staff
2146		"Options BloodRed-2022"	5	121	1	123	1	122	1	124	1	-1	-1	-1	-1	-1	-1	-1	-1	-1	-1	-1	-1	-1	-1	-1	-1	-1	-1	-1	-1	-1	-1        //Ring
2147		"Options BloodRed-2022"	5	121	1	116	1	122	1	-1	-1	-1	-1	-1	-1	-1	-1	-1	-1	-1	-1	-1	-1	-1	-1	-1	-1	-1	-1	-1	-1	-1	-1        //Pedant
3135		"Options BloodRed-2022"	5	40	1	41	1	42	1	-1	-1	-1	-1	-1	-1	-1	-1	-1	-1	-1	-1	-1	-1	-1	-1	-1	-1	-1	-1	-1	-1	-1	-1        //Shield
1083		"Options BloodRed-2022"	5	6	1	7	1	8	1	9	1	101	1	-1	-1	-1	-1	-1	-1	-1	-1	-1	-1	-1	-1	-1	-1	-1	-1	-1	-1	-1	-1        //Mace
3780		"Options BloodRed-2022"	5	159	1	44	1	45	1	-1	-1	-1	-1	-1	-1	-1	-1	-1	-1	-1	-1	-1	-1	-1	-1	-1	-1	-1	-1	-1	-1	-1	-1        //Helm 
4292		"Options BloodRed-2022"	5	159	1	44	1	45	1	-1	-1	-1	-1	-1	-1	-1	-1	-1	-1	-1	-1	-1	-1	-1	-1	-1	-1	-1	-1	-1	-1	-1	-1        //Armor 
4804		"Options BloodRed-2022"	5	159	1	44	1	45	1	-1	-1	-1	-1	-1	-1	-1	-1	-1	-1	-1	-1	-1	-1	-1	-1	-1	-1	-1	-1	-1	-1	-1	-1        //Pants 
5316		"Options BloodRed-2022"	5	159	1	44	1	45	1	-1	-1	-1	-1	-1	-1	-1	-1	-1	-1	-1	-1	-1	-1	-1	-1	-1	-1	-1	-1	-1	-1	-1	-1        //Gloves
5828		"Options BloodRed-2022"	5	159	1	44	1	45	1	-1	-1	-1	-1	-1	-1	-1	-1	-1	-1	-1	-1	-1	-1	-1	-1	-1	-1	-1	-1	-1	-1	-1	-1        //Boots
3759		"Options Blue White"	7	159	1	44	1	45	1	-1	-1	-1	-1	-1	-1	-1	-1	-1	-1	-1	-1	-1	-1	-1	-1	-1	-1	-1	-1	-1	-1	-1	-1        //Helm [F]
4271		"Options Blue White"	7	159	1	44	1	45	1	-1	-1	-1	-1	-1	-1	-1	-1	-1	-1	-1	-1	-1	-1	-1	-1	-1	-1	-1	-1	-1	-1	-1	-1        //Armor 
4783		"Options Blue White"	7	159	1	44	1	45	1	-1	-1	-1	-1	-1	-1	-1	-1	-1	-1	-1	-1	-1	-1	-1	-1	-1	-1	-1	-1	-1	-1	-1	-1        //Pants 
5295		"Options Blue White"	7	159	1	44	1	45	1	-1	-1	-1	-1	-1	-1	-1	-1	-1	-1	-1	-1	-1	-1	-1	-1	-1	-1	-1	-1	-1	-1	-1	-1        //Gloves
5807		"Options Blue White"	7	159	1	44	1	45	1	-1	-1	-1	-1	-1	-1	-1	-1	-1	-1	-1	-1	-1	-1	-1	-1	-1	-1	-1	-1	-1	-1	-1	-1        //Boots
6381		"Options BloodRed-2022"	5	18	1	0	1	65     -1	20	1	21	1	103	1	118	1	103	1	104	1	105	1	34	 1	107	1	108	1	30	1	110	1         //Wing
6382		"Options BloodRed-2022"	5	18	1	0	1	65     -1	20	1	21	1	103	1	118	1	103	1	104	1	105	1	34	 1	107	1	108	1	30	1	110	1         //Cape
//==================================================================================================================================================================================================================================================================================================
//Options Blue White
//==================================================================================================================================================================================================================================================================================================
94		"Options Blue White"	7	6	1	119	1	8	1	9	1	4	1	-1	-1	-1	-1	-1	-1	-1	-1	-1	-1	-1	-1	-1	-1	-1	-1	-1	-1	-1	-1        //Sword
2107		"Options Blue White"	7	56	1	57	1	58	1	48	1	-1	-1	-1	-1	-1	-1	-1	-1	-1	-1	-1	-1	-1	-1	-1	-1	-1	-1	-1	-1	-1	-1        //Bow
2632		"Options Blue White"	7	14	1	15	1	16	1	120	1	-1	-1	-1	-1	-1	-1	-1	-1	-1	-1	-1	-1	-1	-1	-1	-1	-1	-1	-1	-1	-1	-1        //Staff
2148		"Options Blue White"	7	121	1	123	1	122	1	124	1	-1	-1	-1	-1	-1	-1	-1	-1	-1	-1	-1	-1	-1	-1	-1	-1	-1	-1	-1	-1	-1	-1        //Ring
2149		"Options Blue White"	7	121	1	116	1	122	1	-1	-1	-1	-1	-1	-1	-1	-1	-1	-1	-1	-1	-1	-1	-1	-1	-1	-1	-1	-1	-1	-1	-1	-1        //Pedant
3136		"Options Blue White"	7	40	1	41	1	42	1	-1	-1	-1	-1	-1	-1	-1	-1	-1	-1	-1	-1	-1	-1	-1	-1	-1	-1	-1	-1	-1	-1	-1	-1        //Shield
1084		"Options Blue White"	7	6	1	7	1	8	1	9	1	101	1	-1	-1	-1	-1	-1	-1	-1	-1	-1	-1	-1	-1	-1	-1	-1	-1	-1	-1	-1	-1        //Mace
526		"Options Blue White"	7	6	1	7	1	8	1	9	1	101	1	-1	-1	-1	-1	-1	-1	-1	-1	-1	-1	-1	-1	-1	-1	-1	-1	-1	-1	-1	-1        //Axe
3782		"Options Blue White"	7	159	1	44	1	45	1	-1	-1	-1	-1	-1	-1	-1	-1	-1	-1	-1	-1	-1	-1	-1	-1	-1	-1	-1	-1	-1	-1	-1	-1        //Helm 
4294		"Options Blue White"	7	159	1	44	1	45	1	-1	-1	-1	-1	-1	-1	-1	-1	-1	-1	-1	-1	-1	-1	-1	-1	-1	-1	-1	-1	-1	-1	-1	-1        //Armor 
4806		"Options Blue White"	7	159	1	44	1	45	1	-1	-1	-1	-1	-1	-1	-1	-1	-1	-1	-1	-1	-1	-1	-1	-1	-1	-1	-1	-1	-1	-1	-1	-1        //Pants 
5318		"Options Blue White"	7	159	1	44	1	45	1	-1	-1	-1	-1	-1	-1	-1	-1	-1	-1	-1	-1	-1	-1	-1	-1	-1	-1	-1	-1	-1	-1	-1	-1        //Gloves
5830		"Options Blue White"	7	159	1	44	1	45	1	-1	-1	-1	-1	-1	-1	-1	-1	-1	-1	-1	-1	-1	-1	-1	-1	-1	-1	-1	-1	-1	-1	-1	-1        //Boots
3758		"Options BloodRed-2022"	5	159	1	44	1	45	1	-1	-1	-1	-1	-1	-1	-1	-1	-1	-1	-1	-1	-1	-1	-1	-1	-1	-1	-1	-1	-1	-1	-1	-1        //Helm [F]
4270		"Options BloodRed-2022"	5	159	1	44	1	45	1	-1	-1	-1	-1	-1	-1	-1	-1	-1	-1	-1	-1	-1	-1	-1	-1	-1	-1	-1	-1	-1	-1	-1	-1        //Armor 
4782		"Options BloodRed-2022"	5	159	1	44	1	45	1	-1	-1	-1	-1	-1	-1	-1	-1	-1	-1	-1	-1	-1	-1	-1	-1	-1	-1	-1	-1	-1	-1	-1	-1        //Pants 
5294		"Options BloodRed-2022"	5	159	1	44	1	45	1	-1	-1	-1	-1	-1	-1	-1	-1	-1	-1	-1	-1	-1	-1	-1	-1	-1	-1	-1	-1	-1	-1	-1	-1        //Gloves
5806		"Options BloodRed-2022"	5	159	1	44	1	45	1	-1	-1	-1	-1	-1	-1	-1	-1	-1	-1	-1	-1	-1	-1	-1	-1	-1	-1	-1	-1	-1	-1	-1	-1        //Boots
6344		"Options Blue White"	7	18	1	0	1	65     -1	20	1	21	1	103	1	118	1	103	1	104	1	105	1	34	 1	107	1	108	1	30	1	110	1         //Wing
6384		"Options Blue White"	7	18	1	0	1	65     -1	20	1	21	1	103	1	118	1	103	1	104	1	105	1	34	 1	107	1	108	1	30	1	110	1         //Cape
//==================================================================================================================================================================================================================================================================================================
//Options  Black Gold
//==================================================================================================================================================================================================================================================================================================
95		"Options Black Gold"	8	6	1	119	1	8	1	9	1	4	1	-1	-1	-1	-1	-1	-1	-1	-1	-1	-1	-1	-1	-1	-1	-1	-1	-1	-1	-1	-1        //Sword
2108		"Options Black Gold"	8	56	1	57	1	58	1	48	1	-1	-1	-1	-1	-1	-1	-1	-1	-1	-1	-1	-1	-1	-1	-1	-1	-1	-1	-1	-1	-1	-1        //Bow
2633		"Options Black Gold"	8	14	1	15	1	16	1	120	1	-1	-1	-1	-1	-1	-1	-1	-1	-1	-1	-1	-1	-1	-1	-1	-1	-1	-1	-1	-1	-1	-1        //Staff
3137		"Options Black Gold"	8	40	1	41	1	42	1	-1	-1	-1	-1	-1	-1	-1	-1	-1	-1	-1	-1	-1	-1	-1	-1	-1	-1	-1	-1	-1	-1	-1	-1        //Shield
1085		"Options Black Gold"	8	6	1	7	1	8	1	9	1	101	1	-1	-1	-1	-1	-1	-1	-1	-1	-1	-1	-1	-1	-1	-1	-1	-1	-1	-1	-1	-1        //Mace
1086		"Options Black Gold"	8	6	1	7	1	8	1	9	1	101	1	-1	-1	-1	-1	-1	-1	-1	-1	-1	-1	-1	-1	-1	-1	-1	-1	-1	-1	-1	-1        //Mace
3760		"Options Black Gold"	8	159	1	44	1	45	1	-1	-1	-1	-1	-1	-1	-1	-1	-1	-1	-1	-1	-1	-1	-1	-1	-1	-1	-1	-1	-1	-1	-1	-1        //Helm [M]
4272		"Options Black Gold"	8	159	1	44	1	45	1	-1	-1	-1	-1	-1	-1	-1	-1	-1	-1	-1	-1	-1	-1	-1	-1	-1	-1	-1	-1	-1	-1	-1	-1        //Armor 
4784		"Options Black Gold"	8	159	1	44	1	45	1	-1	-1	-1	-1	-1	-1	-1	-1	-1	-1	-1	-1	-1	-1	-1	-1	-1	-1	-1	-1	-1	-1	-1	-1        //Pants 
5296		"Options Black Gold"	8	159	1	44	1	45	1	-1	-1	-1	-1	-1	-1	-1	-1	-1	-1	-1	-1	-1	-1	-1	-1	-1	-1	-1	-1	-1	-1	-1	-1        //Gloves
5808		"Options Black Gold"	8	159	1	44	1	45	1	-1	-1	-1	-1	-1	-1	-1	-1	-1	-1	-1	-1	-1	-1	-1	-1	-1	-1	-1	-1	-1	-1	-1	-1        //Boots
3763		"Options Black Gold"	8	159	1	44	1	45	1	-1	-1	-1	-1	-1	-1	-1	-1	-1	-1	-1	-1	-1	-1	-1	-1	-1	-1	-1	-1	-1	-1	-1	-1        //Helm [F]
4275		"Options Black Gold"	8	159	1	44	1	45	1	-1	-1	-1	-1	-1	-1	-1	-1	-1	-1	-1	-1	-1	-1	-1	-1	-1	-1	-1	-1	-1	-1	-1	-1        //Armor 
4787		"Options Black Gold"	8	159	1	44	1	45	1	-1	-1	-1	-1	-1	-1	-1	-1	-1	-1	-1	-1	-1	-1	-1	-1	-1	-1	-1	-1	-1	-1	-1	-1        //Pants 
5299		"Options Black Gold"	8	159	1	44	1	45	1	-1	-1	-1	-1	-1	-1	-1	-1	-1	-1	-1	-1	-1	-1	-1	-1	-1	-1	-1	-1	-1	-1	-1	-1        //Gloves
5811		"Options Black Gold"	8	159	1	44	1	45	1	-1	-1	-1	-1	-1	-1	-1	-1	-1	-1	-1	-1	-1	-1	-1	-1	-1	-1	-1	-1	-1	-1	-1	-1        //Boots
6300		"Options Black Gold"	8	18	1	0	1	65     -1	20	1	21	1	103	1	118	1	103	1	104	1	105	1	34	 1	107	1	108	1	30	1	110	1         //Wing
6301		"Options Black Gold"	8	18	1	0	1	65     -1	20	1	21	1	103	1	118	1	103	1	104	1	105	1	34	 1	107	1	108	1	30	1	110	1         //Cape
//==================================================================================================================================================================================================================================================================================================
//Options  Red Fire
//==================================================================================================================================================================================================================================================================================================
96		"Options Red Fire"	5	6	1	119	1	8	1	9	1	4	1	-1	-1	-1	-1	-1	-1	-1	-1	-1	-1	-1	-1	-1	-1	-1	-1	-1	-1	-1	-1        //Sword
2109		"Options Red Fire"	5	56	1	57	1	58	1	48	1	-1	-1	-1	-1	-1	-1	-1	-1	-1	-1	-1	-1	-1	-1	-1	-1	-1	-1	-1	-1	-1	-1        //Bow
2634		"Options Red Fire"	5	14	1	15	1	16	1	120	1	-1	-1	-1	-1	-1	-1	-1	-1	-1	-1	-1	-1	-1	-1	-1	-1	-1	-1	-1	-1	-1	-1        //Staff
3138		"Options Red Fire"	5	40	1	41	1	42	1	-1	-1	-1	-1	-1	-1	-1	-1	-1	-1	-1	-1	-1	-1	-1	-1	-1	-1	-1	-1	-1	-1	-1	-1        //Shield
1087		"Options Red Fire"	5	6	1	7	1	8	1	9	1	101	1	-1	-1	-1	-1	-1	-1	-1	-1	-1	-1	-1	-1	-1	-1	-1	-1	-1	-1	-1	-1        //Mace
527		"Options Red Fire"	5	6	1	7	1	8	1	9	1	101	1	-1	-1	-1	-1	-1	-1	-1	-1	-1	-1	-1	-1	-1	-1	-1	-1	-1	-1	-1	-1        //Axe
3761		"Options Red Fire"	5	159	1	44	1	45	1	-1	-1	-1	-1	-1	-1	-1	-1	-1	-1	-1	-1	-1	-1	-1	-1	-1	-1	-1	-1	-1	-1	-1	-1        //Helm [M]
4273		"Options Red Fire"	5	159	1	44	1	45	1	-1	-1	-1	-1	-1	-1	-1	-1	-1	-1	-1	-1	-1	-1	-1	-1	-1	-1	-1	-1	-1	-1	-1	-1        //Armor 
4785		"Options Red Fire"	5	159	1	44	1	45	1	-1	-1	-1	-1	-1	-1	-1	-1	-1	-1	-1	-1	-1	-1	-1	-1	-1	-1	-1	-1	-1	-1	-1	-1        //Pants 
5297		"Options Red Fire"	5	159	1	44	1	45	1	-1	-1	-1	-1	-1	-1	-1	-1	-1	-1	-1	-1	-1	-1	-1	-1	-1	-1	-1	-1	-1	-1	-1	-1        //Gloves
5809		"Options Red Fire"	5	159	1	44	1	45	1	-1	-1	-1	-1	-1	-1	-1	-1	-1	-1	-1	-1	-1	-1	-1	-1	-1	-1	-1	-1	-1	-1	-1	-1        //Boots
3764		"Options Red Fire"	5	159	1	44	1	45	1	-1	-1	-1	-1	-1	-1	-1	-1	-1	-1	-1	-1	-1	-1	-1	-1	-1	-1	-1	-1	-1	-1	-1	-1        //Helm [F]
4276		"Options Red Fire"	5	159	1	44	1	45	1	-1	-1	-1	-1	-1	-1	-1	-1	-1	-1	-1	-1	-1	-1	-1	-1	-1	-1	-1	-1	-1	-1	-1	-1        //Armor 
4788		"Options Red Fire"	5	159	1	44	1	45	1	-1	-1	-1	-1	-1	-1	-1	-1	-1	-1	-1	-1	-1	-1	-1	-1	-1	-1	-1	-1	-1	-1	-1	-1        //Pants 
5300		"Options Red Fire"	5	159	1	44	1	45	1	-1	-1	-1	-1	-1	-1	-1	-1	-1	-1	-1	-1	-1	-1	-1	-1	-1	-1	-1	-1	-1	-1	-1	-1        //Gloves
5812		"Options Red Fire"	5	159	1	44	1	45	1	-1	-1	-1	-1	-1	-1	-1	-1	-1	-1	-1	-1	-1	-1	-1	-1	-1	-1	-1	-1	-1	-1	-1	-1        //Boots
6302		"Options Red Fire"	5	18	1	0	1	65     -1	20	1	21	1	103	1	118	1	103	1	104	1	105	1	34	 1	107	1	108	1	30	1	110	1         //Wing
6303		"Options Red Fire"	5	18	1	0	1	65     -1	20	1	21	1	103	1	118	1	103	1	104	1	105	1	34	 1	107	1	108	1	30	1	110	1         //Cape
//==================================================================================================================================================================================================================================================================================================
//Options  Ligh Blue
//==================================================================================================================================================================================================================================================================================================
97		"Options Ligh Blue"	7	6	1	119	1	8	1	9	1	4	1	-1	-1	-1	-1	-1	-1	-1	-1	-1	-1	-1	-1	-1	-1	-1	-1	-1	-1	-1	-1        //Sword
2110		"Options Ligh Blue"	7	56	1	57	1	58	1	48	1	-1	-1	-1	-1	-1	-1	-1	-1	-1	-1	-1	-1	-1	-1	-1	-1	-1	-1	-1	-1	-1	-1        //Bow
2635		"Options Ligh Blue"	7	14	1	15	1	16	1	120	1	-1	-1	-1	-1	-1	-1	-1	-1	-1	-1	-1	-1	-1	-1	-1	-1	-1	-1	-1	-1	-1	-1        //Staff
3139		"Options Ligh Blue"	7	40	1	41	1	42	1	-1	-1	-1	-1	-1	-1	-1	-1	-1	-1	-1	-1	-1	-1	-1	-1	-1	-1	-1	-1	-1	-1	-1	-1        //Shield
1088		"Options Ligh Blue"	7	6	1	7	1	8	1	9	1	101	1	-1	-1	-1	-1	-1	-1	-1	-1	-1	-1	-1	-1	-1	-1	-1	-1	-1	-1	-1	-1        //Mace
1089		"Options Ligh Blue"	7	6	1	7	1	8	1	9	1	101	1	-1	-1	-1	-1	-1	-1	-1	-1	-1	-1	-1	-1	-1	-1	-1	-1	-1	-1	-1	-1        //Scepeter
528		"Options Ligh Blue"	7	6	1	7	1	8	1	9	1	101	1	-1	-1	-1	-1	-1	-1	-1	-1	-1	-1	-1	-1	-1	-1	-1	-1	-1	-1	-1	-1        //Axe
3762		"Options Ligh Blue"	7	159	1	44	1	45	1	-1	-1	-1	-1	-1	-1	-1	-1	-1	-1	-1	-1	-1	-1	-1	-1	-1	-1	-1	-1	-1	-1	-1	-1        //Helm [M]
4274		"Options Ligh Blue"	7	159	1	44	1	45	1	-1	-1	-1	-1	-1	-1	-1	-1	-1	-1	-1	-1	-1	-1	-1	-1	-1	-1	-1	-1	-1	-1	-1	-1        //Armor 
4786		"Options Ligh Blue"	7	159	1	44	1	45	1	-1	-1	-1	-1	-1	-1	-1	-1	-1	-1	-1	-1	-1	-1	-1	-1	-1	-1	-1	-1	-1	-1	-1	-1        //Pants 
5298		"Options Ligh Blue"	7	159	1	44	1	45	1	-1	-1	-1	-1	-1	-1	-1	-1	-1	-1	-1	-1	-1	-1	-1	-1	-1	-1	-1	-1	-1	-1	-1	-1        //Gloves
5810		"Options Ligh Blue"	7	159	1	44	1	45	1	-1	-1	-1	-1	-1	-1	-1	-1	-1	-1	-1	-1	-1	-1	-1	-1	-1	-1	-1	-1	-1	-1	-1	-1        //Boots
3765		"Options Ligh Blue"	7	159	1	44	1	45	1	-1	-1	-1	-1	-1	-1	-1	-1	-1	-1	-1	-1	-1	-1	-1	-1	-1	-1	-1	-1	-1	-1	-1	-1        //Helm [F]
4277		"Options Ligh Blue"	7	159	1	44	1	45	1	-1	-1	-1	-1	-1	-1	-1	-1	-1	-1	-1	-1	-1	-1	-1	-1	-1	-1	-1	-1	-1	-1	-1	-1        //Armor 
4789		"Options Ligh Blue"	7	159	1	44	1	45	1	-1	-1	-1	-1	-1	-1	-1	-1	-1	-1	-1	-1	-1	-1	-1	-1	-1	-1	-1	-1	-1	-1	-1	-1        //Pants 
5301		"Options Ligh Blue"	7	159	1	44	1	45	1	-1	-1	-1	-1	-1	-1	-1	-1	-1	-1	-1	-1	-1	-1	-1	-1	-1	-1	-1	-1	-1	-1	-1	-1        //Gloves
5813		"Options Ligh Blue"	7	159	1	44	1	45	1	-1	-1	-1	-1	-1	-1	-1	-1	-1	-1	-1	-1	-1	-1	-1	-1	-1	-1	-1	-1	-1	-1	-1	-1        //Boots
6304		"Options Ligh Blue"	7	18	1	0	1	65     -1	20	1	21	1	103	1	118	1	103	1	104	1	105	1	34	 1	107	1	108	1	30	1	110	1         //Wing
6305		"Options Ligh Blue"	7	18	1	0	1	65     -1	20	1	21	1	103	1	118	1	103	1	104	1	105	1	34	 1	107	1	108	1	30	1	110	1         //Cape
//==================================================================================================================================================================================================================================================================================================
//Options  War 2.0 
//==================================================================================================================================================================================================================================================================================================
99		"Options War 2.0 "	8	6	1	119	1	8	1	9	1	4	1	-1	-1	-1	-1	-1	-1	-1	-1	-1	-1	-1	-1	-1	-1	-1	-1	-1	-1	-1	-1        //Sword
100		"Options War 2.0 "	8	6	1	119	1	8	1	9	1	4	1	-1	-1	-1	-1	-1	-1	-1	-1	-1	-1	-1	-1	-1	-1	-1	-1	-1	-1	-1	-1        //Sword
2112		"Options War 2.0 "	8	56	1	58	1	58	1	48	1	-1	-1	-1	-1	-1	-1	-1	-1	-1	-1	-1	-1	-1	-1	-1	-1	-1	-1	-1	-1	-1	-1        //Bow
2637		"Options War 2.0 "	8	14	1	15	1	16	1	120	1	-1	-1	-1	-1	-1	-1	-1	-1	-1	-1	-1	-1	-1	-1	-1	-1	-1	-1	-1	-1	-1	-1        //Staff
3141		"Options War 2.0 "	8	40	1	41	1	42	1	-1	-1	-1	-1	-1	-1	-1	-1	-1	-1	-1	-1	-1	-1	-1	-1	-1	-1	-1	-1	-1	-1	-1	-1        //Shield
1091		"Options War 2.0 "	8	6	1	7	1	8	1	9	1	101	1	-1	-1	-1	-1	-1	-1	-1	-1	-1	-1	-1	-1	-1	-1	-1	-1	-1	-1	-1	-1        //Mace
3768		"Options War 2.0 "	8	159	1	44	1	45	1	-1	-1	-1	-1	-1	-1	-1	-1	-1	-1	-1	-1	-1	-1	-1	-1	-1	-1	-1	-1	-1	-1	-1	-1        //Helm [M]
4280		"Options War 2.0 "	8	159	1	44	1	45	1	-1	-1	-1	-1	-1	-1	-1	-1	-1	-1	-1	-1	-1	-1	-1	-1	-1	-1	-1	-1	-1	-1	-1	-1        //Armor 
4792		"Options War 2.0 "	8	159	1	44	1	45	1	-1	-1	-1	-1	-1	-1	-1	-1	-1	-1	-1	-1	-1	-1	-1	-1	-1	-1	-1	-1	-1	-1	-1	-1        //Pants 
5304		"Options War 2.0 "	8	159	1	44	1	45	1	-1	-1	-1	-1	-1	-1	-1	-1	-1	-1	-1	-1	-1	-1	-1	-1	-1	-1	-1	-1	-1	-1	-1	-1        //Gloves
5816		"Options War 2.0 "	8	159	1	44	1	45	1	-1	-1	-1	-1	-1	-1	-1	-1	-1	-1	-1	-1	-1	-1	-1	-1	-1	-1	-1	-1	-1	-1	-1	-1        //Boots
3769		"Options War 2.0 "	8	159	1	44	1	45	1	-1	-1	-1	-1	-1	-1	-1	-1	-1	-1	-1	-1	-1	-1	-1	-1	-1	-1	-1	-1	-1	-1	-1	-1        //Helm [M]
4281		"Options War 2.0 "	8	159	1	44	1	45	1	-1	-1	-1	-1	-1	-1	-1	-1	-1	-1	-1	-1	-1	-1	-1	-1	-1	-1	-1	-1	-1	-1	-1	-1        //Armor 
4793		"Options War 2.0 "	8	159	1	44	1	45	1	-1	-1	-1	-1	-1	-1	-1	-1	-1	-1	-1	-1	-1	-1	-1	-1	-1	-1	-1	-1	-1	-1	-1	-1        //Pants 
5305		"Options War 2.0 "	8	159	1	44	1	45	1	-1	-1	-1	-1	-1	-1	-1	-1	-1	-1	-1	-1	-1	-1	-1	-1	-1	-1	-1	-1	-1	-1	-1	-1        //Gloves
5817		"Options War 2.0 "	8	159	1	44	1	45	1	-1	-1	-1	-1	-1	-1	-1	-1	-1	-1	-1	-1	-1	-1	-1	-1	-1	-1	-1	-1	-1	-1	-1	-1        //Boots
6295		"Options War 2.0 "	8	18	1	0	1	65     -1	20	1	21	1	103	1	118	1	103	1	104	1	105	1	34	 1	107	1	108	1	30	1	110	1         //Wing
6296		"Options War 2.0 "	8	18	1	0	1	65     -1	20	1	21	1	103	1	118	1	103	1	104	1	105	1	34	 1	107	1	108	1	30	1	110	1         //Capa
//==================================================================================================================================================================================================================================================================================================
//Options  Options Rabbit
//==================================================================================================================================================================================================================================================================================================
98		"Options Rabbit Lunar"	17	6	1	119	1	8	1	9	1	4	1	-1	-1	-1	-1	-1	-1	-1	-1	-1	-1	-1	-1	-1	-1	-1	-1	-1	-1	-1	-1        //Sword
2150		"Options Rabbit Lunar"	17	121	1	123	1	122	1	124	1	-1	-1	-1	-1	-1	-1	-1	-1	-1	-1	-1	-1	-1	-1	-1	-1	-1	-1	-1	-1	-1	-1        //Ring
2151		"Options Rabbit Lunar"	17	121	1	116	1	122	1	-1	-1	-1	-1	-1	-1	-1	-1	-1	-1	-1	-1	-1	-1	-1	-1	-1	-1	-1	-1	-1	-1	-1	-1        //Pedant
2111		"Options Rabbit Lunar"	17	56	1	57	1	58	1	48	1	-1	-1	-1	-1	-1	-1	-1	-1	-1	-1	-1	-1	-1	-1	-1	-1	-1	-1	-1	-1	-1	-1        //Bow
2636		"Options Rabbit Lunar"	17	14	1	15	1	16	1	120	1	-1	-1	-1	-1	-1	-1	-1	-1	-1	-1	-1	-1	-1	-1	-1	-1	-1	-1	-1	-1	-1	-1        //Staff
3140		"Options Rabbit Lunar"	17	40	1	41	1	42	1	-1	-1	-1	-1	-1	-1	-1	-1	-1	-1	-1	-1	-1	-1	-1	-1	-1	-1	-1	-1	-1	-1	-1	-1        //Shield
1090		"Options Rabbit Lunar"	17	6	1	7	1	8	1	9	1	101	1	-1	-1	-1	-1	-1	-1	-1	-1	-1	-1	-1	-1	-1	-1	-1	-1	-1	-1	-1	-1        //Mace
3766		"Options Rabbit Lunar"	17	159	1	44	1	45	1	-1	-1	-1	-1	-1	-1	-1	-1	-1	-1	-1	-1	-1	-1	-1	-1	-1	-1	-1	-1	-1	-1	-1	-1        //Helm [M]
4278		"Options Rabbit Lunar"	17	159	1	44	1	45	1	-1	-1	-1	-1	-1	-1	-1	-1	-1	-1	-1	-1	-1	-1	-1	-1	-1	-1	-1	-1	-1	-1	-1	-1        //Armor 
4790		"Options Rabbit Lunar"	17	159	1	44	1	45	1	-1	-1	-1	-1	-1	-1	-1	-1	-1	-1	-1	-1	-1	-1	-1	-1	-1	-1	-1	-1	-1	-1	-1	-1        //Pants 
5302		"Options Rabbit Lunar"	17	159	1	44	1	45	1	-1	-1	-1	-1	-1	-1	-1	-1	-1	-1	-1	-1	-1	-1	-1	-1	-1	-1	-1	-1	-1	-1	-1	-1        //Gloves
5814		"Options Rabbit Lunar"	17	159	1	44	1	45	1	-1	-1	-1	-1	-1	-1	-1	-1	-1	-1	-1	-1	-1	-1	-1	-1	-1	-1	-1	-1	-1	-1	-1	-1        //Boots
3767		"Options Rabbit Lunar"	17	159	1	44	1	45	1	-1	-1	-1	-1	-1	-1	-1	-1	-1	-1	-1	-1	-1	-1	-1	-1	-1	-1	-1	-1	-1	-1	-1	-1        //Helm [M]
4279		"Options Rabbit Lunar"	17	159	1	44	1	45	1	-1	-1	-1	-1	-1	-1	-1	-1	-1	-1	-1	-1	-1	-1	-1	-1	-1	-1	-1	-1	-1	-1	-1	-1        //Armor 
4791		"Options Rabbit Lunar"	17	159	1	44	1	45	1	-1	-1	-1	-1	-1	-1	-1	-1	-1	-1	-1	-1	-1	-1	-1	-1	-1	-1	-1	-1	-1	-1	-1	-1        //Pants 
5303		"Options Rabbit Lunar"	17	159	1	44	1	45	1	-1	-1	-1	-1	-1	-1	-1	-1	-1	-1	-1	-1	-1	-1	-1	-1	-1	-1	-1	-1	-1	-1	-1	-1        //Gloves
5815		"Options Rabbit Lunar"	17	159	1	44	1	45	1	-1	-1	-1	-1	-1	-1	-1	-1	-1	-1	-1	-1	-1	-1	-1	-1	-1	-1	-1	-1	-1	-1	-1	-1        //Boots
6306		"Options Rabbit Lunar"	17	18	1	0	1	65     -1	20	1	21	1	103	1	118	1	103	1	104	1	105	1	34	 1	107	1	108	1	30	1	110	1         //Wing
//==================================================================================================================================================================================================================================================================================================
//Options  Abaddon 
//==================================================================================================================================================================================================================================================================================================
101		"Options Abaddon "	8	6	1	119	1	8	1	9	1	4	1	-1	-1	-1	-1	-1	-1	-1	-1	-1	-1	-1	-1	-1	-1	-1	-1	-1	-1	-1	-1        //Sword
2152		"Options Abaddon "	8	121	1	123	1	122	1	124	1	-1	-1	-1	-1	-1	-1	-1	-1	-1	-1	-1	-1	-1	-1	-1	-1	-1	-1	-1	-1	-1	-1        //Ring
2153		"Options Abaddon "	8	121	1	116	1	122	1	-1	-1	-1	-1	-1	-1	-1	-1	-1	-1	-1	-1	-1	-1	-1	-1	-1	-1	-1	-1	-1	-1	-1	-1        //Pedant
2113		"Options Abaddon "	8	56	1	58	1	58	1	48	1	-1	-1	-1	-1	-1	-1	-1	-1	-1	-1	-1	-1	-1	-1	-1	-1	-1	-1	-1	-1	-1	-1        //Bow
2638		"Options Abaddon "	8	14	1	15	1	16	1	120	1	-1	-1	-1	-1	-1	-1	-1	-1	-1	-1	-1	-1	-1	-1	-1	-1	-1	-1	-1	-1	-1	-1        //Staff
3142		"Options Abaddon "	8	40	1	41	1	42	1	-1	-1	-1	-1	-1	-1	-1	-1	-1	-1	-1	-1	-1	-1	-1	-1	-1	-1	-1	-1	-1	-1	-1	-1        //Shield
1092		"Options Abaddon "	8	6	1	7	1	8	1	9	1	101	1	-1	-1	-1	-1	-1	-1	-1	-1	-1	-1	-1	-1	-1	-1	-1	-1	-1	-1	-1	-1        //Mace
1093		"Options Abaddon "	8	6	1	7	1	8	1	9	1	101	1	-1	-1	-1	-1	-1	-1	-1	-1	-1	-1	-1	-1	-1	-1	-1	-1	-1	-1	-1	-1        //Scerpeter
3770		"Options Abaddon "	8	159	1	44	1	45	1	-1	-1	-1	-1	-1	-1	-1	-1	-1	-1	-1	-1	-1	-1	-1	-1	-1	-1	-1	-1	-1	-1	-1	-1        //Helm [M]
4282		"Options Abaddon "	8	159	1	44	1	45	1	-1	-1	-1	-1	-1	-1	-1	-1	-1	-1	-1	-1	-1	-1	-1	-1	-1	-1	-1	-1	-1	-1	-1	-1        //Armor 
4794		"Options Abaddon "	8	159	1	44	1	45	1	-1	-1	-1	-1	-1	-1	-1	-1	-1	-1	-1	-1	-1	-1	-1	-1	-1	-1	-1	-1	-1	-1	-1	-1        //Pants 
5306		"Options Abaddon "	8	159	1	44	1	45	1	-1	-1	-1	-1	-1	-1	-1	-1	-1	-1	-1	-1	-1	-1	-1	-1	-1	-1	-1	-1	-1	-1	-1	-1        //Gloves
5818		"Options Abaddon "	8	159	1	44	1	45	1	-1	-1	-1	-1	-1	-1	-1	-1	-1	-1	-1	-1	-1	-1	-1	-1	-1	-1	-1	-1	-1	-1	-1	-1        //Boots
3771		"Options Abaddon "	8	159	1	44	1	45	1	-1	-1	-1	-1	-1	-1	-1	-1	-1	-1	-1	-1	-1	-1	-1	-1	-1	-1	-1	-1	-1	-1	-1	-1        //Helm [M]
4283		"Options Abaddon "	8	159	1	44	1	45	1	-1	-1	-1	-1	-1	-1	-1	-1	-1	-1	-1	-1	-1	-1	-1	-1	-1	-1	-1	-1	-1	-1	-1	-1        //Armor 
4795		"Options Abaddon "	8	159	1	44	1	45	1	-1	-1	-1	-1	-1	-1	-1	-1	-1	-1	-1	-1	-1	-1	-1	-1	-1	-1	-1	-1	-1	-1	-1	-1        //Pants 
5307		"Options Abaddon "	8	159	1	44	1	45	1	-1	-1	-1	-1	-1	-1	-1	-1	-1	-1	-1	-1	-1	-1	-1	-1	-1	-1	-1	-1	-1	-1	-1	-1        //Gloves
5819		"Options Abaddon "	8	159	1	44	1	45	1	-1	-1	-1	-1	-1	-1	-1	-1	-1	-1	-1	-1	-1	-1	-1	-1	-1	-1	-1	-1	-1	-1	-1	-1        //Boots
6297		"Options Abaddon "	8	18	1	0	1	65     -1	20	1	21	1	103	1	118	1	103	1	104	1	105	1	34	 1	107	1	108	1	30	1	110	1         //Wing
6299		"Options Abaddon "	8	18	1	0	1	65     -1	20	1	21	1	103	1	118	1	103	1	104	1	105	1	34	 1	107	1	108	1	30	1	110	1         //Capa
//==================================================================================================================================================================================================================================================================================================
//Options  Marinheiro
//==================================================================================================================================================================================================================================================================================================
102		"Options Marinheiro"    7	6	1	119	1	8	1	9	1	4	1	-1	-1	-1	-1	-1	-1	-1	-1	-1	-1	-1	-1	-1	-1	-1	-1	-1	-1	-1	-1        //Sword
2154		"Options Marinheiro"    7	121	1	123	1	122	1	124	1	-1	-1	-1	-1	-1	-1	-1	-1	-1	-1	-1	-1	-1	-1	-1	-1	-1	-1	-1	-1	-1	-1        //Ring
2155		"Options Marinheiro"    7	121	1	116	1	122	1	-1	-1	-1	-1	-1	-1	-1	-1	-1	-1	-1	-1	-1	-1	-1	-1	-1	-1	-1	-1	-1	-1	-1	-1        //Pedant
2114		"Options Marinheiro"    7	56	1	58	1	58	1	48	1	-1	-1	-1	-1	-1	-1	-1	-1	-1	-1	-1	-1	-1	-1	-1	-1	-1	-1	-1	-1	-1	-1        //Bow
2639		"Options Marinheiro"    7	14	1	15	1	16	1	120	1	-1	-1	-1	-1	-1	-1	-1	-1	-1	-1	-1	-1	-1	-1	-1	-1	-1	-1	-1	-1	-1	-1        //Staff
3143		"Options Marinheiro"    7	40	1	41	1	42	1	-1	-1	-1	-1	-1	-1	-1	-1	-1	-1	-1	-1	-1	-1	-1	-1	-1	-1	-1	-1	-1	-1	-1	-1        //Shield
1094		"Options Marinheiro"    7	6	1	7	1	8	1	9	1	101	1	-1	-1	-1	-1	-1	-1	-1	-1	-1	-1	-1	-1	-1	-1	-1	-1	-1	-1	-1	-1        //Mace
3729		"Options Marinheiro"    7	159	1	44	1	45	1	-1	-1	-1	-1	-1	-1	-1	-1	-1	-1	-1	-1	-1	-1	-1	-1	-1	-1	-1	-1	-1	-1	-1	-1        //Helm [M]
4241		"Options Marinheiro"    7	159	1	44	1	45	1	-1	-1	-1	-1	-1	-1	-1	-1	-1	-1	-1	-1	-1	-1	-1	-1	-1	-1	-1	-1	-1	-1	-1	-1        //Armor 
4753		"Options Marinheiro"    7	159	1	44	1	45	1	-1	-1	-1	-1	-1	-1	-1	-1	-1	-1	-1	-1	-1	-1	-1	-1	-1	-1	-1	-1	-1	-1	-1	-1        //Pants 
5265		"Options Marinheiro"    7	159	1	44	1	45	1	-1	-1	-1	-1	-1	-1	-1	-1	-1	-1	-1	-1	-1	-1	-1	-1	-1	-1	-1	-1	-1	-1	-1	-1        //Gloves
5777		"Options Marinheiro"    7	159	1	44	1	45	1	-1	-1	-1	-1	-1	-1	-1	-1	-1	-1	-1	-1	-1	-1	-1	-1	-1	-1	-1	-1	-1	-1	-1	-1        //Boots
3730		"Options Marinheiro"    7	159	1	44	1	45	1	-1	-1	-1	-1	-1	-1	-1	-1	-1	-1	-1	-1	-1	-1	-1	-1	-1	-1	-1	-1	-1	-1	-1	-1        //Helm [M]
4242		"Options Marinheiro"    7	159	1	44	1	45	1	-1	-1	-1	-1	-1	-1	-1	-1	-1	-1	-1	-1	-1	-1	-1	-1	-1	-1	-1	-1	-1	-1	-1	-1        //Armor 
4754		"Options Marinheiro"    7	159	1	44	1	45	1	-1	-1	-1	-1	-1	-1	-1	-1	-1	-1	-1	-1	-1	-1	-1	-1	-1	-1	-1	-1	-1	-1	-1	-1        //Pants 
5266		"Options Marinheiro"    7	159	1	44	1	45	1	-1	-1	-1	-1	-1	-1	-1	-1	-1	-1	-1	-1	-1	-1	-1	-1	-1	-1	-1	-1	-1	-1	-1	-1        //Gloves
5778		"Options Marinheiro"    7	159	1	44	1	45	1	-1	-1	-1	-1	-1	-1	-1	-1	-1	-1	-1	-1	-1	-1	-1	-1	-1	-1	-1	-1	-1	-1	-1	-1        //Boots
6339		"Options Marinheiro"    7	18	1	0	1	65     -1	20	1	21	1	103	1	118	1	103	1	104	1	105	1	34	 1	107	1	108	1	30	1	110	1         //Wing
6340		"Options Marinheiro"    7	18	1	0	1	65     -1	20	1	21	1	103	1	118	1	103	1	104	1	105	1	34	 1	107	1	108	1	30	1	110	1         //Capa
//==================================================================================================================================================================================================================================================================================================
//Options  Holy v2
//==================================================================================================================================================================================================================================================================================================
103		"Options Holy v2"       8	6	1	119	1	8	1	9	1	4	1	-1	-1	-1	-1	-1	-1	-1	-1	-1	-1	-1	-1	-1	-1	-1	-1	-1	-1	-1	-1        //Sword
2157		"Options Holy v2"       8	121	1	123	1	122	1	124	1	-1	-1	-1	-1	-1	-1	-1	-1	-1	-1	-1	-1	-1	-1	-1	-1	-1	-1	-1	-1	-1	-1        //Ring
529		"Options Holy v2"	8	6	1	7	1	8	1	9	1	101	1	-1	-1	-1	-1	-1	-1	-1	-1	-1	-1	-1	-1	-1	-1	-1	-1	-1	-1	-1	-1        //Axe
2156		"Options Holy v2"       8	121	1	116	1	122	1	-1	-1	-1	-1	-1	-1	-1	-1	-1	-1	-1	-1	-1	-1	-1	-1	-1	-1	-1	-1	-1	-1	-1	-1        //Pedant
2115		"Options Holy v2"       8	56	1	58	1	58	1	48	1	-1	-1	-1	-1	-1	-1	-1	-1	-1	-1	-1	-1	-1	-1	-1	-1	-1	-1	-1	-1	-1	-1        //Bow
2640		"Options Holy v2"       8	14	1	15	1	16	1	120	1	-1	-1	-1	-1	-1	-1	-1	-1	-1	-1	-1	-1	-1	-1	-1	-1	-1	-1	-1	-1	-1	-1        //Staff
3144		"Options Holy v2"       8	40	1	41	1	42	1	-1	-1	-1	-1	-1	-1	-1	-1	-1	-1	-1	-1	-1	-1	-1	-1	-1	-1	-1	-1	-1	-1	-1	-1        //Shield
1095		"Options Holy v2"       8	6	1	7	1	8	1	9	1	101	1	-1	-1	-1	-1	-1	-1	-1	-1	-1	-1	-1	-1	-1	-1	-1	-1	-1	-1	-1	-1        //Mace
3731		"Options Holy v2"       8	159	1	44	1	45	1	-1	-1	-1	-1	-1	-1	-1	-1	-1	-1	-1	-1	-1	-1	-1	-1	-1	-1	-1	-1	-1	-1	-1	-1        //Helm [M]
4243		"Options Holy v2"       8	159	1	44	1	45	1	-1	-1	-1	-1	-1	-1	-1	-1	-1	-1	-1	-1	-1	-1	-1	-1	-1	-1	-1	-1	-1	-1	-1	-1        //Armor 
4755		"Options Holy v2"       8	159	1	44	1	45	1	-1	-1	-1	-1	-1	-1	-1	-1	-1	-1	-1	-1	-1	-1	-1	-1	-1	-1	-1	-1	-1	-1	-1	-1        //Pants 
5267		"Options Holy v2"       8	159	1	44	1	45	1	-1	-1	-1	-1	-1	-1	-1	-1	-1	-1	-1	-1	-1	-1	-1	-1	-1	-1	-1	-1	-1	-1	-1	-1        //Gloves
5779		"Options Holy v2"       8	159	1	44	1	45	1	-1	-1	-1	-1	-1	-1	-1	-1	-1	-1	-1	-1	-1	-1	-1	-1	-1	-1	-1	-1	-1	-1	-1	-1        //Boots
3732		"Options Holy v2"       8	159	1	44	1	45	1	-1	-1	-1	-1	-1	-1	-1	-1	-1	-1	-1	-1	-1	-1	-1	-1	-1	-1	-1	-1	-1	-1	-1	-1        //Helm [F]
4244		"Options Holy v2"       8	159	1	44	1	45	1	-1	-1	-1	-1	-1	-1	-1	-1	-1	-1	-1	-1	-1	-1	-1	-1	-1	-1	-1	-1	-1	-1	-1	-1        //Armor 
4756		"Options Holy v2"       8	159	1	44	1	45	1	-1	-1	-1	-1	-1	-1	-1	-1	-1	-1	-1	-1	-1	-1	-1	-1	-1	-1	-1	-1	-1	-1	-1	-1        //Pants 
5268		"Options Holy v2"       8	159	1	44	1	45	1	-1	-1	-1	-1	-1	-1	-1	-1	-1	-1	-1	-1	-1	-1	-1	-1	-1	-1	-1	-1	-1	-1	-1	-1        //Gloves
5780		"Options Holy v2"       8	159	1	44	1	45	1	-1	-1	-1	-1	-1	-1	-1	-1	-1	-1	-1	-1	-1	-1	-1	-1	-1	-1	-1	-1	-1	-1	-1	-1        //Boots
6341		"Options Holy v2"       8	18	1	0	1	65     -1	20	1	21	1	103	1	118	1	103	1	104	1	105	1	34	 1	107	1	108	1	30	1	110	1         //Wing
6342		"Options Holy v2"       8	18	1	0	1	65     -1	20	1	21	1	103	1	118	1	103	1	104	1	105	1	34	 1	107	1	108	1	30	1	110	1         //Capa
//==================================================================================================================================================================================================================================================================================================
//Options Of Pets
//==================================================================================================================================================================================================================================================================================================
6856		"Options Dark Raver"	     5	37	1	127	1	7	1	125	1	117	1	38	1	39	1	126	1	-1	-1	-1	-1	-1	-1	-1	-1	-1	-1	-1	-1	-1	-1      ///Ferir Dark Reven
6857		"Options Ferir Armageddon"   5	37	1	127	1	7	1	125	1	117	1	38	1	39	1	126	1	-1	-1	-1	-1	-1	-1	-1	-1	-1	-1	-1	-1	-1	-1      ///Ferir Armaggedon
6858		"Options Ferir Of Apocalipse"17	37	1	127	1	7	1	125	1	117	1	38	1	39	1	126	1	-1	-1	-1	-1	-1	-1	-1	-1	-1	-1	-1	-1	-1	-1      ///Ferir Dark Reven
6859		"Options IceRed Dragon"      5	37	1	127	1	7	1	125	1	117	1	38	1	39	1	126	1	-1	-1	-1	-1	-1	-1	-1	-1	-1	-1	-1	-1	-1	-1      ///Ferir Armaggedon
6860		"Options IceBlue Dragon"     7	37	1	127	1	7	1	125	1	117	1	38	1	39	1	126	1	-1	-1	-1	-1	-1	-1	-1	-1	-1	-1	-1	-1	-1	-1      ///Ferir Dark Reven
6861		"Options Ferir Natal"        5	37	1	127	1	7	1	125	1	117	1	38	1	39	1	126	1	-1	-1	-1	-1	-1	-1	-1	-1	-1	-1	-1	-1	-1	-1      ///Ferir Dark Reven
6862		"Options Ferir Blue"         7	37	1	127	1	7	1	125	1	117	1	38	1	39	1	126	1	-1	-1	-1	-1	-1	-1	-1	-1	-1	-1	-1	-1	-1	-1      ///Ferir Armaggedon
6863		"Options Ferir Green"        24	37	1	127	1	7	1	125	1	117	1	38	1	39	1	126	1	-1	-1	-1	-1	-1	-1	-1	-1	-1	-1	-1	-1	-1	-1      ///Ferir Dark Reven
6864		"Options Ferir purple"       17	37	1	127	1	7	1	125	1	117	1	38	1	39	1	126	1	-1	-1	-1	-1	-1	-1	-1	-1	-1	-1	-1	-1	-1	-1      ///Ferir Dark Reven
6865		"Options Ferir Pink"         15	37	1	127	1	7	1	125	1	117	1	38	1	39	1	126	1	-1	-1	-1	-1	-1	-1	-1	-1	-1	-1	-1	-1	-1	-1      ///Ferir Dark Reven
6866		"Options Ferir Red"          5	37	1	127	1	7	1	125	1	117	1	38	1	39	1	126	1	-1	-1	-1	-1	-1	-1	-1	-1	-1	-1	-1	-1	-1	-1      ///Ferir Armaggedon
6867		"Options Fenrrir Gold"       5	37	1	127	1	7	1	125	1	117	1	38	1	39	1	126	1	-1	-1	-1	-1	-1	-1	-1	-1	-1	-1	-1	-1	-1	-1      ///Ferir Dark Reven
6868		"Options Ferir New 2022"     23	37	1	127	1	7	1	125	1	117	1	38	1	39	1	126	1	-1	-1	-1	-1	-1	-1	-1	-1	-1	-1	-1	-1	-1	-1      ///Ferir New 2022
6869		"Options Ferir Fire Green"   24	37	1	127	1	7	1	125	1	117	1	38	1	39	1	126	1	-1	-1	-1	-1	-1	-1	-1	-1	-1	-1	-1	-1	-1	-1      ///Ferir Fire Gren
6870		"Options Ferir Blood Vampire"5	37	1	127	1	7	1	125	1	117	1	38	1	39	1	126	1	-1	-1	-1	-1	-1	-1	-1	-1	-1	-1	-1	-1	-1	-1      ///Ferir Blod Vampire
6971		"Options Dragon Blue White"   7	37	1	127	1	7	1	125	1	117	1	38	1	39	1	126	1	-1	-1	-1	-1	-1	-1	-1	-1	-1	-1	-1	-1	-1	-1      ///Ferir Fire Gren


6907		"Options House Natal"        5	37	1	127	1	128	1	125	1	18	1	50	1	130	1	131	1	-1	-1	-1	-1	-1	-1	-1	-1	-1	-1	-1	-1	-1	-1      ///House 
6908		"Options Horse White"        7	37	1	127	1	128	1	125	1	18	1	50	1	130	1	131	1	-1	-1	-1	-1	-1	-1	-1	-1	-1	-1	-1	-1	-1	-1      ///House 
6909		"Options Ghost Horse"        7	37	1	127	1	128	1	125	1	18	1	50	1	130	1	131	1	-1	-1	-1	-1	-1	-1	-1	-1	-1	-1	-1	-1	-1	-1      ///House 
6911		"Options House Amarelo"	     16	37	1	127	1	128	1	125	1	18	1	50	1	130	1	131	1	-1	-1	-1	-1	-1	-1	-1	-1	-1	-1	-1	-1	-1	-1      ///House Amarelo
6913		"Options Horse Christmas"    5	37	1	127	1	128	1	125	1	18	1	50	1	130	1	131	1	-1	-1	-1	-1	-1	-1	-1	-1	-1	-1	-1	-1	-1	-1      ///House 

6937		"Options Dark Pirate"        5	37	1	127	1	128	1	132	1	133	1	-1	-1	-1	-1	-1	-1	-1	-1	-1	-1	-1	-1	-1	-1	-1	-1	-1	-1	-1	-1      ///Pet Dark Pirate
6938		"Options Mummy Horus"        16	37	1	127	1	128	1	132	1	133	1	-1	-1	-1	-1	-1	-1	-1	-1	-1	-1	-1	-1	-1	-1	-1	-1	-1	-1	-1	-1      ///Pet Mummy Horus
6939		"Options Of Marinheiro"       7	37	1	127	1	128	1	132	1	133	1	-1	-1	-1	-1	-1	-1	-1	-1	-1	-1	-1	-1	-1	-1	-1	-1	-1	-1	-1	-1      ///Pet Marinheiro
6940		"Options War 2.0 "            8	37	1	127	1	128	1	132	1	133	1	-1	-1	-1	-1	-1	-1	-1	-1	-1	-1	-1	-1	-1	-1	-1	-1	-1	-1	-1	-1      ///Pet War 2.0 [RL]
6942		"Options Mini Rena Natal"    5	37	1	127	1	128	1	132	1	133	1	-1	-1	-1	-1	-1	-1	-1	-1	-1	-1	-1	-1	-1	-1	-1	-1	-1	-1	-1	-1      ///Pet Mini Rena Natal
6943		"Options Mini Ferir Natal"   5	37	1	127	1	7	1	125	1	117	1	38	1	39	1	126	1	-1	-1	-1	-1	-1	-1	-1	-1	-1	-1	-1	-1	-1	-1      ///Ferir Dark Reven
6944		"Options Of Cup [F]"         24	37	1	127	1	128	1	132	1	133	1	-1	-1	-1	-1	-1	-1	-1	-1	-1	-1	-1	-1	-1	-1	-1	-1	-1	-1	-1	-1      ///Pet Of CupF
6945		"Options Mini Ferir Abaddon"  8	37	1	127	1	128	1	132	1	133	1	-1	-1	-1	-1	-1	-1	-1	-1	-1	-1	-1	-1	-1	-1	-1	-1	-1	-1	-1	-1      ///Pet Mini Abaddon


7007		"Options Eagle Horus"        16	66	1	67	1	134	1	108	1	72	1	132	1	-1	-1	-1	-1	-1	-1	-1	-1	-1	-1	-1	-1	-1	-1	-1	-1	-1	-1      ///Pet Eagle Horus
7008		"Options Eagle Zeus"         7	66	1	67	1	134	1	108	1	72	1	132	1	-1	-1	-1	-1	-1	-1	-1	-1	-1	-1	-1	-1	-1	-1	-1	-1	-1	-1      ///Pet Eagle Zeus
7009		"Options Eagle Saron"        15	66	1	67	1	134	1	108	1	72	1	132	1	-1	-1	-1	-1	-1	-1	-1	-1	-1	-1	-1	-1	-1	-1	-1	-1	-1	-1      ///Pet Eagle Saron
7010		"Options Eagle New 2022"     23	66	1	67	1	134	1	108	1	72	1	132	1	-1	-1	-1	-1	-1	-1	-1	-1	-1	-1	-1	-1	-1	-1	-1	-1	-1	-1      ///Pet Eagle New 2022
7011		"Options Eagle Fire Green"   24	66	1	67	1	134	1	108	1	72	1	132	1	-1	-1	-1	-1	-1	-1	-1	-1	-1	-1	-1	-1	-1	-1	-1	-1	-1	-1      ///Pet Eagle Gren
7012		"Options Steel 2.0"          8	37	1	127	1	128	1	132	1	133	1	-1	-1	-1	-1	-1	-1	-1	-1	-1	-1	-1	-1	-1	-1	-1	-1	-1	-1	-1	-1      ///Pet Stell 2.0
7013		"Options Arcanjo Voador"     8	37	1	127	1	128	1	132	1	133	1	-1	-1	-1	-1	-1	-1	-1	-1	-1	-1	-1	-1	-1	-1	-1	-1	-1	-1	-1	-1      ///Pet Arcanjo Voador


//==================================================================================================================================================================================================================================================================================================
//Options Of Box
//==================================================================================================================================================================================================================================================================================================
7341		"Options Box Abaddon"	     8	135	1	136	1	137	1	138	1	139	1	140	1	141	1	142	1	143	1	144	1	145	1	146	1	-1	-1	-1	-1	-1	-1      ///Box Event
7342		"Options Box Horus"	     8	147	1	148	1	149	1	150	1	151	1	152	1	153	1	154	1	155	1	156	1	157	1	158	1	-1	-1	-1	-1	-1	-1      ///Box Horus
7343		"Options Box Npc Maluco"     5	160	1	161	1	162	1	163	1	164	1	165	1	166	1	167	1	168	1	169	1	170	1	171	1	172	1	-1	-1	-1	-1      ///Box Npc Maluco
7345		"Options Box Rabbit Lunar"   17	173	1	174	1	175	1	176	1	177	1	178	1	179	1	180	1	181	1	182	1	183	1	184	1	185	1	-1	-1	-1	-1      ///Box Maratona
end