/////////////////////////////////////////////////////////////////////////////
//NPC NAME - 010 - Elf Lala Noria
/////////////////////////////////////////////////////////////////////////////
//Index Type   	Level   Dur   	Skill   Luck   Option   ExcOp	SetOp	JoH	OEx	Socket1	Socket2	Socket3	Socket4	Socket5
7 	14 	9	255 	0 	1 	1 	0	0       0       0       255     255     255     255     255     //Guardian Helm
7 	19 	9	255 	0 	1 	1 	0	0       0       0       255     255     255     255     255     //Divine Helm
7 	24 	9	255 	0 	1 	1 	0	0       0       0       255     255     255     255     255     //Red Spirit Helm
7 	13 	9	255 	0 	1 	1 	0	0       0       0       255     255     255     255     255     //Iris Helm
8 	14 	9	255 	0 	1 	1 	0	0       0       0       255     255     255     255     255     //Guardian Armor
8 	19 	9	255 	0 	1 	1 	0	0       0       0       255     255     255     255     255     //Divine Armor
8 	24 	9	255 	0 	1 	1 	0	0       0       0       255     255     255     255     255     //Red Spirit Armor
8 	13 	9	255 	0 	1 	1 	0	0       0       0       255     255     255     255     255     //Iris Armor
9 	14 	9	255 	0 	1 	1 	0	0       0       0       255     255     255     255     255     //Guardian Pants
9 	19 	9	255 	0 	1	1	0	0       0       0       255     255     255     255     255     //Divine Pants
9 	24 	9	255 	0 	1 	1 	0	0       0       0       255     255     255     255     255     //Red Spirit Pants
9 	13 	9	255 	0 	1 	1 	0	0       0       0       255     255     255     255     255     //Iris Pants
10 	14 	9	255 	0 	1 	1 	0	0       0       0       255     255     255     255     255     //Guardian Gloves
10 	19 	9	255 	0 	1 	1 	0	0       0       0       255     255     255     255     255     //Divine Gloves
10 	24 	9	255 	0 	1 	1 	0	0       0       0       255     255     255     255     255     //Red Spirit Gloves
10 	13 	9	255 	0 	1 	1 	0	0       0       0       255     255     255     255     255     //Iris Gloves
11 	14 	9	255 	0 	1 	1 	0	0       0       0       255     255     255     255     255     //Guardian Boots
11 	19 	9	255 	0 	1 	1 	0	0       0       0       255     255     255     255     255     //Divine Boots
11 	24 	9	255 	0 	1 	1 	0	0       0       0       255     255     255     255     255     //Red Spirit Boots
11 	13 	9	255 	0 	1 	1 	0	0       0       0       255     255     255     255     255     //Iris Boots
12 	8 	0 	255 	0 	0 	0 	0	0       0       0       255     255     255     255     255     //Healing Orb
12 	9 	0 	255 	0 	0 	0 	0	0       0       0       255     255     255     255     255     //Greater Defense Orb
12 	10 	0 	255 	0 	0 	0 	0	0       0       0       255     255     255     255     255     //Greater Damage Orb
12 	17 	0 	255 	0 	0 	0 	0	0       0       0       255     255     255     255     255     //Penetration Orb
12 	11 	0 	255 	0 	0 	0 	0	0       0       0       255     255     255     255     255     //Goblin Summon Orb
12 	11 	1 	255 	0 	0 	0 	0	0       0       0       255     255     255     255     255     //Golem Summon Orb
12 	11 	2 	255 	0 	0 	0 	0	0       0       0       255     255     255     255     255     //Assassin Summon Orb
12 	11 	3 	255 	0 	0 	0 	0	0       0       0       255     255     255     255     255     //Elite Yeti Summon Orb
12 	11 	4 	255 	0 	0 	0 	0	0       0       0       255     255     255     255     255     //Dark Knight Summon Orb
12 	11 	4 	255 	0 	0 	0 	0	0       0       0       255     255     255     255     255     //Dark Knight Summon Orb
12 	11 	6 	255 	0 	0 	0 	0	0       0       0       255     255     255     255     255     //Soldier Summon Orb
12 	18 	0 	255 	0 	0 	0 	0	0       0       0       255     255     255     255     255     //Ice Arrow Orb
12 	45 	0 	220 	0 	0 	0  	0	0       0       0       255     255     255     255     255     //Orb of Five shot
12 	46 	0 	220 	0 	0 	0  	0 	0       0       0       255     255     255     255     255     //Orb of Reduce Dmg Shild
14 	1 	0 	255 	0	0 	0 	0	0       0       0       255     255     255     255     255     //Small Healing Potion
14 	2 	0 	255 	0 	0 	0 	0	0       0       0       255     255     255     255     255     //Medium Healing Potion
14 	3 	0 	255 	0 	0 	0 	0	0       0       0       255     255     255     255     255     //Large Healing Potion
14 	4 	0 	255 	0 	0 	0 	0	0       0       0       255     255     255     255     255     //Small Mana Potion
14 	5 	0 	255 	0 	0 	0 	0 	0       0       0       255     255     255     255     255     //Medium Mana Potion
14 	6 	0 	255 	0 	0 	0 	0	0       0       0       255     255     255     255     255     //Large Mana Potion
14 	8 	0 	255 	0 	0 	0 	0	0       0       0       255     255     255     255     255     //Antidote
4       7       0       255     0       0       0       0	0	0	0	255	255	255	255	255
4       7       1       255     0       0       0       0	0	0	0	255	255	255	255	255
4       7       2       255     0       0       0       0	0	0	0	255	255	255	255	255
4       7       3       255     0       0       0       0	0	0	0	255	255	255	255	255
4       15      0       255     0       0       0       0	0	0	0	255	255	255	255	255
4       15      1       255     0       0       0       0	0	0	0	255	255	255	255	255
4       15      2       255     0       0       0       0	0	0	0	255	255	255	255	255
4       15      3       255     0       0       0       0	0	0	0	255	255	255	255	255
end

