//Index   Flag   Map   X   Y   TX  TY  TargetGate  TargetDir  MinLevel  MaxLevel  MinReset  MaxReset  AccountLevel
// =============================================================================
// GATES CORREGIDOS - TIRGUS y LAND OF TRIALS (SINCRONIZADO CON CLIENTE)
// Flag: 0=Spawn, 1=Entrada, 2=Salida
// =============================================================================

// --- LORENCIA (0) ---
1         1      0     121    232    123     233     2            0           20         1000       *          *          0
2         2      1     107    247    110     247     0            1           20         1000       *          *          0
3         1      1     108    248    109     248     4            0           0          1000       *          *          0
4         2      0     121    231    123     231     0            1           0          1000       *          *          0
17        0      0     133    118    151     135     0            0           0          1000       *          *          0
18        1      0     5      38     242     34      19           0           15         1000       *          *          0
19        2      2     242    34     5       38      18           7           15         1000       *          *          0
20        1      2     244    34     245     37      21           0           0          1000       *          *          0
21        2      0     7      38     0       3       0            3           0          1000       *          *          0
23        1      0     213    246    217     247     24           0           10         1000       *          *          0
24        2      3     148    5      155     6       0            5           10         1000       *          *          0
25        1      3     148    3      155     4       26           0           10         1000       *          *          0
26        2      0     213    244    217     245     0            1           10         1000       *          *          0
// >>> ENTRADA A TIRGUS desde Lorencia (CORREGIDO - COORDENADAS DESTINO)
267       1      0     239    14     47      224     268          0           230        1000       *          *          0
268       2      47    128    122    128     122     267          4           230        1000       *          *          0

// --- DUNGEON (1) ---
5         1      1     239    149    239     150     6            0           20         1000       *          *          0
6         2      1     231    126    234     127     0            1           20         1000       *          *          0
7         1      1     232    127    233     128     8            0           20         1000       *          *          0
8         2      1     240    148    241     151     0            3           20         1000       *          *          0
9         1      1     2      17     2       18      10           0           20         1000       *          *          0
10        2      1     3      83     4       86      0            3           20         1000       *          *          0
11        1      1     2      84     2       85      12           0           20         1000       *          *          0
12        2      1     3      16     6       17      0            3           20         1000       *          *          0
13        1      1     5      34     6       34      14           0           20         1000       *          *          0
14        2      1     29     125    30      126     0            1           20         1000       *          *          0
15        1      1     29     127    30      127     16           0           20         1000       *          *          0
16        2      1     5      32     7       33      0            1           20         1000       *          *          0

// --- DEVIAS (2) ---
22        0      2     197    35     218     50      0            0           15         1000       *          *          0
28        1      2     2      248    3       249     29           0           40         1000       *          *          0
43        1      4     162    0      166     1       44           0           15         1000       *          *          0
44        2      2     2      246    3       247     0            2           15         1000       *          *          0
72        0      2     23     27     27      24      0            0           15         1000       *          *          0
73        0      2     225    201    228     202     0            0           15         1000       *          *          0
74        0      2     69     181    72      178     0            0           15         1000       *          *          0

// --- NORIA (3) ---
27        0      3     171    108    177     117     0            0           0          1000       *          *          0
45        1      3     242    240    245     243     46           0           60         1000       *          *          0
46        2      7     14     12     15      13      0            3           60         1000       *          *          0
47        1      7     9      9      11      12      48           0           60         1000       *          *          0
48        2      3     240    240    241     243     0            7           60         1000       *          *          0

// --- LOST TOWER (4) ---
29        2      4     162    2      166     3       0            5           40         1000       *          *          0
30        1      4     190    6      191     8       31           0           40         1000       *          *          0
31        2      4     241    237    244     238     0            1           40         1000       *          *          0
32        1      4     166    163    167     166     33           0           40         1000       *          *          0
33        2      4     86     166    87      168     0            3           40         1000       *          *          0
34        1      4     132    245    135     246     35           0           50         1000       *          *          0
35        2      4     87     86     88      89      0            3           50         1000       *          *          0
36        1      4     132    135    135     136     37           0           50         1000       *          *          0
37        2      4     128    53     131     54      0            1           50         1000       *          *          0
38        1      4     131    15     132     18      39           0           50         1000       *          *          0
39        2      4     52     53     55      54      0            1           50         1000       *          *          0
40        1      4     6      5      7       8       41           0           50         1000       *          *          0
41        2      4     8      85     9       87      0            1           50         1000       *          *          0
42        0      4     203    70     213     81      0            0           40         1000       *          *          0
62        1      4     17     250    19      250     63           0           160        1000       *          *          0
65        2      4     17     249    19      249     0            1           50         1000       *          *          0

// --- ARENA / COLISEO PVP (6) ---
50        0      6     62     127    62      124     0            0           0          1000       *          *          0
51        0      6     59     153    59      153     0            0           0          1000       *          *          0
52        0      6     59     164    59      165     0            0           0          1000       *          *          0

// --- ATLANS (7) ---
49        0      7     15     11     27      23      0            0           60         1000       *          *          0
53        1      7     14     225    15      230     54           0           130        1000       *          *          0
54        2      8     248    40     251     44      0            7           0          1000       *          *          0
55        1      8     246    40     247     44      56           0           130        1000       *          *          0
56        2      7     16     225    17      230     0            3           0          1000       *          *          0
75        0      7     225    53     228     50      0            0           60         1000       *          *          0
76        0      7     62     163    68      157     0            0           60         1000       *          *          0

// --- TARKAN (8) ---
57        0      8     187    54     203     69      0            0           60         1000       *          *          0
77        0      8     96     143    100     146     0            0           130        1000       *          *          0

// --- DEVIL SQUARE 1 (9) ---
58        0      9     133    91     141     99      0            0           10         1000       *          *          0
59        0      9     135    162    142     170     0            0           10         1000       *          *          0
60        0      9     62     150    70      158     0            0           10         1000       *          *          0
61        0      9     66     84     74      92      0            0           10         1000       *          *          0

// --- ICARUS (10) ---
63        2      10    14     13     16      13      0            5           160        1000       *          *          0
64        1      10    14     12     16      12      65           0           50         1000       *          *          0

// --- BLOOD CASTLE 1-7 (11-17) ---
66        0      11    12     5      14      10      0            0           0          1000       *          *          0
67        0      12    12     5      14      10      0            0           0          1000       *          *          0
68        0      13    12     5      14      10      0            0           0          1000       *          *          0
69        0      14    12     5      14      10      0            0           0          1000       *          *          0
70        0      15    12     5      14      10      0            0           0          1000       *          *          0
71        0      16    12     5      14      10      0            0           0          1000       *          *          0
80        0      17    12     5      14      10      0            0           0          1000       *          *          0

// --- LAND OF TRIALS (31) - CORREGIDO ---
// Entrada desde Devias a Land of Trials
109       1      2    200    200     59      7       110          0           50         1000       *          *          0
// Salida desde Land of Trials a Devias
110       2      31    59     7     200    200       109          4           50         1000       *          *          0
// Spawn zone en Land of Trials
139       0      31    60     10     70      20      0            0           50         1000       *          *          0

// --- DEVIL SQUARE 2 (32) ---
111       0      32    133    91     141     99      0            0           10         1000       *          *          0
112       0      32    135    162    142     170     0            0           10         1000       *          *          0

// --- AIDA (33) ---
119       0      33    82     8      87      14      0            0           130        1000       *          *          0

// --- CRYWOLF (34) ---
118       0      34    124    36     126     40      0            0           270        1000       *          *          0
258       0      34    227    41     229     43      0            0           0          1000       *          *          0

// --- KANTURU (37) ---
138       0      37    28     212    28      212     0            0           140        1000       *          *          0

// --- TIRGUS / ELBELAND (47) - CORREGIDO ---
//Index  Type   Map    X1     Y1     X2      Y2      TargetGate   Dir         Level      ReqZen     MaxLevel
267      1      47     118    228    133     229     268          0           230        1000       *          *          0
268      0      0      118    228    133     227     0            4           230        1000       *          *          0

// Zona de spawn en Elbeland
269       0      47    45     220    50      225     0            0           230        1000       *          *          0

// --- RAKLION (57) ---
286       1      2     52     92     54      92      287          0           150        1000       *          *          0
287       2      57    226    210     226     215       0            0           150        1000       *          *          0
289       0      2     52     88     54      89       0            0           150        1000       *          *          0
293       0      57    222    210    222     212      0            0           150        1000       *          *          0

// --- ARENA CUSTOM (96) ---
346       1      96    60     160    73      181     17           0           200        1000       *          *          0
348       0      96    63     115    63      127     0            0           0          1000       *          *          0

// --- INFERNUS (97) ---
349       1      97    60     160    73      181     17           0           200        1000       *          *          0
350       0      97    63     115    63      127     0            0           0          1000       *          *          0

end