//=======================================================================================================
//Programaçao Por By:
//FILES PREMIUN  
//=====================================================
// ItemTRSData config file
// MaxLineCount: 1000;
//=============================================================================================================
//ItemIndex	TranslationX	TranslationY	RotationX	RotationY	RotationZ	Scale	Commnet
//=============================================================================================================
6805		0.01		-0.02		270.0		180.0		000.0		1.0	//Steel of Heaven
6806		0.01		-0.02		270.0		180.0		001.0		1.5	//Steel of Heaven
6807		-0.02		-0.07		270.0		000.0		-015.0		1.0	//Steel of Heaven
6808		0.01		-0.02		270.0		000.0		000.0		1.0	//Steel of Heaven
6809		0.01		-0.02		270.0		000.0		000.0		1.0	//Steel of Heaven
6810		0.01		-0.02		270.0		000.0		000.0		1.0	//Steel of Heaven
6811		0.01		-0.02		270.0		000.0		000.0		1.0	//Steel of Heaven
6821		0.00		0.00		270.0		180.0		0010.0		1.0	//Garuda's Feather
6823		0.00		-0.02		270.0		180.0		000.0		1.0	//Golden Sentences
6829		0.00		0.05		000.0		000.0		000.0		1.8	//Cold Horn
6831		0.00		0.00		000.0		000.0		000.0		1.2	//Awakening Soul
6858		0.00		-0.22		270.0		000.0		000.0		1.0	//pet steel
6294		0.00		0.10		270.0		-10.0		000.0		1.0	//Wings of Chaos
6298		0.00		0.10		270.0		-10.0		000.0		1.0	//Wings of Angel and Devil
//libros
2584		0.00		0.00		270.0		000.0		000.0		0.8
2585		0.00		0.00		270.0		000.0		000.0		0.8
2586		0.00		0.00		270.0		000.0		000.0		0.8
2587		0.00		0.00		270.0		000.0		000.0		0.8
2588		0.00		0.00		270.0		000.0		000.0		0.8
//Pedants rings Apocalpse
2122            0.0            0.0             -30.0           00.0           0.0             0.8
2123            0.01           0.00            -30.0           00.0           00.0            0.8
//Pedants rings War
2102            0.0            0.0             -30.0           00.0           0.0             0.8
2103            0.01           0.00            -30.0           00.0           00.0            0.8
//Pedants rings Amageddon
2120            0.0            0.0             -30.0           00.0           0.0             0.8
2121            0.01           0.00            -30.0           00.0           00.0            0.8
//Pedants rings Natalino
2124            0.0            0.0             -30.0           00.0           0.0             0.8
2125            0.01           0.00            -30.0           00.0           00.0            0.8
//Pedants rings Gold
2126            0.0            0.0             -30.0           00.0           0.0             0.8
2127            0.01           0.00            -30.0           00.0           00.0            0.8
//Pedants rings Gren V2
2099            0.0            0.0             -30.0           00.0           0.0             0.8
2100            0.01           0.00            -30.0           00.0           00.0            0.8
//Pedants rings Steel 2.0
2128            0.0            0.0             -30.0           00.0           0.0             0.8
2129            0.01           0.00            -30.0           00.0           00.0            0.8
//Pedants rings Horus
2130            0.0            0.0             -30.0           00.0           0.0             0.8
2131            0.01           0.00            -30.0           00.0           00.0            0.8
//Pedants rings Zeus
2132            0.0            0.0             -30.0           00.0           0.0             0.8
2133            0.01           0.00            -30.0           00.0           00.0            0.8
//Pedants rings Holly
2132            0.0            0.0             -30.0           00.0           0.0             0.8
2133            0.01           0.00            -30.0           00.0           00.0            0.8
//Pedants rings New 2022
2138            0.0            0.0             -30.0           00.0           0.0             0.8
2139            0.01           0.00            -30.0           00.0           00.0            0.8
//Pedants rings Fire Gren
2140            0.0            0.0             -30.0           00.0           0.0             0.8
2141            0.01           0.00            -30.0           00.0           00.0            0.8
//Pedants rings Of Fantasy
2142            0.0            0.0             -30.0           00.0           0.0             0.8
2143            0.01           0.00            -30.0           00.0           00.0            0.8
//Pedants rings Light Halk
2144            0.0            0.0             -30.0           00.0           0.0             0.8
2145            0.01           0.00            -30.0           00.0           00.0            0.8
//Pedants rings BoodRed 2022
2146            0.0            0.0             -30.0           00.0           0.0             0.8
2147            0.01           0.00            -30.0           00.0           00.0            0.8
//Pedants rings Blue White
2148            0.0            0.0             -30.0           00.0           0.0             0.8
2149            0.01           0.00            -30.0           00.0           00.0            0.8
//Pedants rings Rabbit Lunar
2150            0.0            0.0             -30.0           00.0           0.0             0.8
2151            0.01           0.00            -30.0           00.0           00.0            0.8
//Pedants rings Abaddon
2152            0.0            0.0             -30.0           00.0           0.0             0.8
2153            0.01           0.00            -30.0           00.0           00.0            0.8
//Pedants rings Marinheiro
2154            0.0            0.0             -30.0           00.0           0.0             0.8
2155            0.01           0.00            -30.0           00.0           00.0            0.8
end