//|================================================================|
//| Zythe CashShop Editor                                          |
//| Credit: Zyth3/louis                          [skype:tec-facil] |
//|================================================================|
//Cat	ID	Main	Item	Coin	Price	Bonus	PBase1	PBase2	PBase3	PBase4	PBase5	PBase6	PBase7	PBase8	PBase9	PBase10	PMain1	PMain2	PMain3	PMain4	PMain5	PMain6	PMain7	PMain8	PMain9	PMain10	Comment
35	181	181	1	508	3000	0	1810	0	0	0	0	0	0	0	0	0	1810	0	0	0	0	0	0	0	0	0	// Eagle Of Saron
35	322	322	1	508	2900	0	3220	0	0	0	0	0	0	0	0	0	3220	0	0	0	0	0	0	0	0	0	// Pet Ferir Armageddon
35	323	323	1	508	2900	0	3230	0	0	0	0	0	0	0	0	0	3230	0	0	0	0	0	0	0	0	0	// Pet Ferir Of Apocalipse
35	324	324	1	508	2900	0	3240	0	0	0	0	0	0	0	0	0	3240	0	0	0	0	0	0	0	0	0	// Pet Arcanjo Voador
35	325	325	1	508	4900	0	3250	0	0	0	0	0	0	0	0	0	3250	0	0	0	0	0	0	0	0	0	// Pet Eagle Zeus
35	326	326	1	508	3900	0	3260	0	0	0	0	0	0	0	0	0	3260	0	0	0	0	0	0	0	0	0	// Pet Ferir Blue
35	327	327	1	508	3900	0	3270	0	0	0	0	0	0	0	0	0	3270	0	0	0	0	0	0	0	0	0	// Pet Ferir Green
35	328	328	1	508	3900	0	3280	0	0	0	0	0	0	0	0	0	3280	0	0	0	0	0	0	0	0	0	// Pet Ferir purple
35	329	329	1	508	3900	0	3290	0	0	0	0	0	0	0	0	0	3290	0	0	0	0	0	0	0	0	0	// Pet Ferir Pink
35	330	330	1	508	3900	0	3300	0	0	0	0	0	0	0	0	0	3300	0	0	0	0	0	0	0	0	0	// Pet Ferir Red
35	331	331	1	508	4500	0	3310	0	0	0	0	0	0	0	0	0	3310	0	0	0	0	0	0	0	0	0	// Pet Ferir Azul[Efts]
35	332	332	1	508	4500	0	3320	0	0	0	0	0	0	0	0	0	3320	0	0	0	0	0	0	0	0	0	// Pet Ferir Red [Efts]
35	333	333	1	508	4500	0	3330	0	0	0	0	0	0	0	0	0	3330	0	0	0	0	0	0	0	0	0	// Pet Ferir Sky [Efts]
35	334	334	1	508	4500	0	3340	0	0	0	0	0	0	0	0	0	3340	0	0	0	0	0	0	0	0	0	// Pet Ferir Green [Efts]
35	335	335	1	508	2500	0	3350	0	0	0	0	0	0	0	0	0	3350	0	0	0	0	0	0	0	0	0	// Horn Of Uniria
35	336	336	1	508	5500	0	3360	0	0	0	0	0	0	0	0	0	3360	0	0	0	0	0	0	0	0	0	// Horse Amarelo
35	337	337	1	508	2500	0	3370	0	0	0	0	0	0	0	0	0	3370	0	0	0	0	0	0	0	0	0	// Pet Of Green V2
35	339	339	1	508	3500	0	3390	0	0	0	0	0	0	0	0	0	3390	0	0	0	0	0	0	0	0	0	// Ghost Horse
35	340	340	1	508	5500	0	3400	0	0	0	0	0	0	0	0	0	3400	0	0	0	0	0	0	0	0	0	// Pet Horse White
37	100	100	1	508	3000	0	1000	0	0	0	0	0	0	0	0	0	1000	0	0	0	0	0	0	0	0	0	// Wing of Storm
37	182	182	1	508	3000	0	1820	0	0	0	0	0	0	0	0	0	1820	0	0	0	0	0	0	0	0	0	// Wing of Eternal
37	183	183	1	508	3000	0	1830	0	0	0	0	0	0	0	0	0	1830	0	0	0	0	0	0	0	0	0	// Wing of Illusion
37	184	184	1	508	3000	0	1840	0	0	0	0	0	0	0	0	0	1840	0	0	0	0	0	0	0	0	0	// Wing of Ruin
37	185	185	1	508	3000	0	1850	0	0	0	0	0	0	0	0	0	1850	0	0	0	0	0	0	0	0	0	// Cape of Emperor
41	101	101	1	509	350	0	1010	0	0	0	0	0	0	0	0	0	1010	0	0	0	0	0	0	0	0	0	// Bronze Helm
41	102	102	1	509	350	0	1020	0	0	0	0	0	0	0	0	0	1020	0	0	0	0	0	0	0	0	0	// Dragon Helm
41	103	103	1	509	350	0	1030	0	0	0	0	0	0	0	0	0	1030	0	0	0	0	0	0	0	0	0	// Pad Helm
41	104	104	1	509	300	0	1040	0	0	0	0	0	0	0	0	0	1040	0	0	0	0	0	0	0	0	0	// Legendary Helm
41	105	105	1	509	300	0	1050	0	0	0	0	0	0	0	0	0	1050	0	0	0	0	0	0	0	0	0	// Bone Helm
41	106	106	1	509	300	0	1060	0	0	0	0	0	0	0	0	0	1060	0	0	0	0	0	0	0	0	0	// Leather Helm
41	107	107	1	509	280	0	1070	0	0	0	0	0	0	0	0	0	1070	0	0	0	0	0	0	0	0	0	// Scale Helm
41	108	108	1	509	280	0	1080	0	0	0	0	0	0	0	0	0	1080	0	0	0	0	0	0	0	0	0	// Sphinx Mask
41	109	109	1	509	280	0	1090	0	0	0	0	0	0	0	0	0	1090	0	0	0	0	0	0	0	0	0	// Brass Helm
41	110	110	1	509	280	0	1100	0	0	0	0	0	0	0	0	0	1100	0	0	0	0	0	0	0	0	0	// Plate Helm
41	111	111	1	509	320	0	1110	0	0	0	0	0	0	0	0	0	1110	0	0	0	0	0	0	0	0	0	// Black Dragon Helm
41	112	112	1	509	320	0	1120	0	0	0	0	0	0	0	0	0	1120	0	0	0	0	0	0	0	0	0	// Dark Phoenix Helm
41	113	113	1	509	320	0	1130	0	0	0	0	0	0	0	0	0	1130	0	0	0	0	0	0	0	0	0	// Grand Soul Helm
41	114	114	1	509	400	0	1140	0	0	0	0	0	0	0	0	0	1140	0	0	0	0	0	0	0	0	0	// Great Dragon Helm
41	115	115	1	509	400	0	1150	0	0	0	0	0	0	0	0	0	1150	0	0	0	0	0	0	0	0	0	// Dark Soul Helm
41	116	116	1	509	300	0	1160	0	0	0	0	0	0	0	0	0	1160	0	0	0	0	0	0	0	0	0	// Light Plate Mask
42	117	117	1	509	350	0	1170	0	0	0	0	0	0	0	0	0	1170	0	0	0	0	0	0	0	0	0	// Bronze Armor
42	118	118	1	509	350	0	1180	0	0	0	0	0	0	0	0	0	1180	0	0	0	0	0	0	0	0	0	// Dragon Armor
42	119	119	1	509	350	0	1190	0	0	0	0	0	0	0	0	0	1190	0	0	0	0	0	0	0	0	0	// Pad Armor
42	120	120	1	509	300	0	1200	0	0	0	0	0	0	0	0	0	1200	0	0	0	0	0	0	0	0	0	// Legendary Armor
42	121	121	1	509	300	0	1210	0	0	0	0	0	0	0	0	0	1210	0	0	0	0	0	0	0	0	0	// Bone Armor
42	122	122	1	509	300	0	1220	0	0	0	0	0	0	0	0	0	1220	0	0	0	0	0	0	0	0	0	// Leather Armor
42	123	123	1	509	280	0	1230	0	0	0	0	0	0	0	0	0	1230	0	0	0	0	0	0	0	0	0	// Scale Armor
42	124	124	1	509	280	0	1240	0	0	0	0	0	0	0	0	0	1240	0	0	0	0	0	0	0	0	0	// Sphinx Armor
42	125	125	1	509	280	0	1250	0	0	0	0	0	0	0	0	0	1250	0	0	0	0	0	0	0	0	0	// Brass Armor
42	126	126	1	509	320	0	1260	0	0	0	0	0	0	0	0	0	1260	0	0	0	0	0	0	0	0	0	// Plate Armor
42	127	127	1	509	320	0	1270	0	0	0	0	0	0	0	0	0	1270	0	0	0	0	0	0	0	0	0	// Black Dragon Armor
42	128	128	1	509	320	0	1280	0	0	0	0	0	0	0	0	0	1280	0	0	0	0	0	0	0	0	0	// Dark Phoenix Armor
42	129	129	1	509	320	0	1290	0	0	0	0	0	0	0	0	0	1290	0	0	0	0	0	0	0	0	0	// Grand Soul Armor
42	130	130	1	509	400	0	1300	0	0	0	0	0	0	0	0	0	1300	0	0	0	0	0	0	0	0	0	// Great Dragon Armor
42	131	131	1	509	400	0	1310	0	0	0	0	0	0	0	0	0	1310	0	0	0	0	0	0	0	0	0	// Dark Soul Armor
42	132	132	1	509	300	0	1320	0	0	0	0	0	0	0	0	0	1320	0	0	0	0	0	0	0	0	0	// Light Plate Armor
43	133	133	1	509	350	0	1330	0	0	0	0	0	0	0	0	0	1330	0	0	0	0	0	0	0	0	0	// Bronze Pants
43	134	134	1	509	350	0	1340	0	0	0	0	0	0	0	0	0	1340	0	0	0	0	0	0	0	0	0	// Dragon Pants
43	135	135	1	509	350	0	1350	0	0	0	0	0	0	0	0	0	1350	0	0	0	0	0	0	0	0	0	// Pad Pants
43	136	136	1	509	300	0	1360	0	0	0	0	0	0	0	0	0	1360	0	0	0	0	0	0	0	0	0	// Legendary Pants
43	137	137	1	509	300	0	1370	0	0	0	0	0	0	0	0	0	1370	0	0	0	0	0	0	0	0	0	// Bone Pants
43	138	138	1	509	300	0	1380	0	0	0	0	0	0	0	0	0	1380	0	0	0	0	0	0	0	0	0	// Leather Pants
43	139	139	1	509	280	0	1390	0	0	0	0	0	0	0	0	0	1390	0	0	0	0	0	0	0	0	0	// Scale Pants
43	140	140	1	509	280	0	1400	0	0	0	0	0	0	0	0	0	1400	0	0	0	0	0	0	0	0	0	// Sphinx Pants
43	141	141	1	509	280	0	1410	0	0	0	0	0	0	0	0	0	1410	0	0	0	0	0	0	0	0	0	// Brass Pants
43	142	142	1	509	320	0	1420	0	0	0	0	0	0	0	0	0	1420	0	0	0	0	0	0	0	0	0	// Plate Pants
43	143	143	1	509	320	0	1430	0	0	0	0	0	0	0	0	0	1430	0	0	0	0	0	0	0	0	0	// Black Dragon Pants
43	144	144	1	509	320	0	1440	0	0	0	0	0	0	0	0	0	1440	0	0	0	0	0	0	0	0	0	// Dark Phoenix Pants
43	145	145	1	509	320	0	1450	0	0	0	0	0	0	0	0	0	1450	0	0	0	0	0	0	0	0	0	// Grand Soul Pants
43	146	146	1	509	400	0	1460	0	0	0	0	0	0	0	0	0	1460	0	0	0	0	0	0	0	0	0	// Great Dragon Pants
43	147	147	1	509	400	0	1470	0	0	0	0	0	0	0	0	0	1470	0	0	0	0	0	0	0	0	0	// Dark Soul Pants
43	148	148	1	509	300	0	1480	0	0	0	0	0	0	0	0	0	1480	0	0	0	0	0	0	0	0	0	// Light Plate Pants
44	149	149	1	509	350	0	1490	0	0	0	0	0	0	0	0	0	1490	0	0	0	0	0	0	0	0	0	// Bronze Gloves
44	150	150	1	509	350	0	1500	0	0	0	0	0	0	0	0	0	1500	0	0	0	0	0	0	0	0	0	// Dragon Gloves
44	151	151	1	509	350	0	1510	0	0	0	0	0	0	0	0	0	1510	0	0	0	0	0	0	0	0	0	// Pad Gloves
44	152	152	1	509	300	0	1520	0	0	0	0	0	0	0	0	0	1520	0	0	0	0	0	0	0	0	0	// Legendary Gloves
44	153	153	1	509	300	0	1530	0	0	0	0	0	0	0	0	0	1530	0	0	0	0	0	0	0	0	0	// Bone Gloves
44	154	154	1	509	300	0	1540	0	0	0	0	0	0	0	0	0	1540	0	0	0	0	0	0	0	0	0	// Leather Gloves
44	155	155	1	509	280	0	1550	0	0	0	0	0	0	0	0	0	1550	0	0	0	0	0	0	0	0	0	// Scale Gloves
44	156	156	1	509	280	0	1560	0	0	0	0	0	0	0	0	0	1560	0	0	0	0	0	0	0	0	0	// Sphinx Gloves
44	157	157	1	509	280	0	1570	0	0	0	0	0	0	0	0	0	1570	0	0	0	0	0	0	0	0	0	// Brass Gloves
44	158	158	1	509	320	0	1580	0	0	0	0	0	0	0	0	0	1580	0	0	0	0	0	0	0	0	0	// Plate Gloves
44	159	159	1	509	320	0	1590	0	0	0	0	0	0	0	0	0	1590	0	0	0	0	0	0	0	0	0	// Black Dragon Gloves
44	160	160	1	509	320	0	1600	0	0	0	0	0	0	0	0	0	1600	0	0	0	0	0	0	0	0	0	// Dark Phoenix Gloves
44	161	161	1	509	320	0	1610	0	0	0	0	0	0	0	0	0	1610	0	0	0	0	0	0	0	0	0	// Grand Soul Gloves
44	162	162	1	509	400	0	1620	0	0	0	0	0	0	0	0	0	1620	0	0	0	0	0	0	0	0	0	// Great Dragon Gloves
44	163	163	1	509	400	0	1630	0	0	0	0	0	0	0	0	0	1630	0	0	0	0	0	0	0	0	0	// Dark Soul Gloves
44	164	164	1	509	300	0	1640	0	0	0	0	0	0	0	0	0	1640	0	0	0	0	0	0	0	0	0	// Light Plate Gloves
45	165	165	1	509	350	0	1650	0	0	0	0	0	0	0	0	0	1650	0	0	0	0	0	0	0	0	0	// Bronze Boots
45	166	166	1	509	350	0	1660	0	0	0	0	0	0	0	0	0	1660	0	0	0	0	0	0	0	0	0	// Dragon Boots
45	167	167	1	509	350	0	1670	0	0	0	0	0	0	0	0	0	1670	0	0	0	0	0	0	0	0	0	// Pad Boots
45	168	168	1	509	300	0	1680	0	0	0	0	0	0	0	0	0	1680	0	0	0	0	0	0	0	0	0	// Legendary Boots
45	169	169	1	509	300	0	1690	0	0	0	0	0	0	0	0	0	1690	0	0	0	0	0	0	0	0	0	// Bone Boots
45	170	170	1	509	300	0	1700	0	0	0	0	0	0	0	0	0	1700	0	0	0	0	0	0	0	0	0	// Leather Boots
45	171	171	1	509	280	0	1710	0	0	0	0	0	0	0	0	0	1710	0	0	0	0	0	0	0	0	0	// Scale Boots
45	172	172	1	509	280	0	1720	0	0	0	0	0	0	0	0	0	1720	0	0	0	0	0	0	0	0	0	// Sphinx Boots
45	173	173	1	509	280	0	1730	0	0	0	0	0	0	0	0	0	1730	0	0	0	0	0	0	0	0	0	// Brass Boots
45	174	174	1	509	320	0	1740	0	0	0	0	0	0	0	0	0	1740	0	0	0	0	0	0	0	0	0	// Plate Boots
45	175	175	1	509	320	0	1750	0	0	0	0	0	0	0	0	0	1750	0	0	0	0	0	0	0	0	0	// Black Dragon Boots
45	176	176	1	509	320	0	1760	0	0	0	0	0	0	0	0	0	1760	0	0	0	0	0	0	0	0	0	// Dark Phoenix Boots
45	177	177	1	509	320	0	1770	0	0	0	0	0	0	0	0	0	1770	0	0	0	0	0	0	0	0	0	// Grand Soul Boots
45	178	178	1	509	400	0	1780	0	0	0	0	0	0	0	0	0	1780	0	0	0	0	0	0	0	0	0	// Great Dragon Boots
45	179	179	1	509	400	0	1790	0	0	0	0	0	0	0	0	0	1790	0	0	0	0	0	0	0	0	0	// Dark Soul Boots
45	180	180	1	509	300	0	1800	0	0	0	0	0	0	0	0	0	1800	0	0	0	0	0	0	0	0	0	// Light Plate Boots
46	343	343	1	509	500	0	3430	0	0	0	0	0	0	0	0	0	3430	0	0	0	0	0	0	0	0	0	// Sword of Destruction
46	344	344	1	509	500	0	3440	0	0	0	0	0	0	0	0	0	3440	0	0	0	0	0	0	0	0	0	// Dark Breaker
46	345	345	1	509	500	0	3450	0	0	0	0	0	0	0	0	0	3450	0	0	0	0	0	0	0	0	0	// Thunder Blade
46	346	346	1	509	500	0	3460	0	0	0	0	0	0	0	0	0	3460	0	0	0	0	0	0	0	0	0	// Knight Blade
46	347	347	1	509	800	0	3470	0	0	0	0	0	0	0	0	0	3470	0	0	0	0	0	0	0	0	0	// Dark Reign Blade
46	348	348	1	509	800	0	3480	0	0	0	0	0	0	0	0	0	3480	0	0	0	0	0	0	0	0	0	// Rune Blade
47	349	349	1	509	800	0	3490	0	0	0	0	0	0	0	0	0	3490	0	0	0	0	0	0	0	0	0	// Ring of Poison
47	350	350	1	509	800	0	3500	0	0	0	0	0	0	0	0	0	3500	0	0	0	0	0	0	0	0	0	// Ring of Ice
47	351	351	1	509	800	0	3510	0	0	0	0	0	0	0	0	0	3510	0	0	0	0	0	0	0	0	0	// Pendant of Lighting
47	352	352	1	509	800	0	3520	0	0	0	0	0	0	0	0	0	3520	0	0	0	0	0	0	0	0	0	// Pendant of Fire
47	353	353	1	509	800	0	3530	0	0	0	0	0	0	0	0	0	3530	0	0	0	0	0	0	0	0	0	// Ring of Fire
47	354	354	1	509	800	0	3540	0	0	0	0	0	0	0	0	0	3540	0	0	0	0	0	0	0	0	0	// Ring of Earth
47	355	355	1	509	800	0	3550	0	0	0	0	0	0	0	0	0	3550	0	0	0	0	0	0	0	0	0	// Ring of Wind
47	356	356	1	509	800	0	3560	0	0	0	0	0	0	0	0	0	3560	0	0	0	0	0	0	0	0	0	// Ring of Magic
47	357	357	1	509	800	0	3570	0	0	0	0	0	0	0	0	0	3570	0	0	0	0	0	0	0	0	0	// Pendant of Ice
47	358	358	1	509	800	0	3580	0	0	0	0	0	0	0	0	0	3580	0	0	0	0	0	0	0	0	0	// Pendant of Wind
47	359	359	1	509	800	0	3590	0	0	0	0	0	0	0	0	0	3590	0	0	0	0	0	0	0	0	0	// Pendant of Water
47	360	360	1	509	800	0	3600	0	0	0	0	0	0	0	0	0	3600	0	0	0	0	0	0	0	0	0	// Pendant of Ability
61	186	186	1	0	3000	0	1860	0	0	0	0	0	0	0	0	0	1860	0	0	0	0	0	0	0	0	0	// Helm Of Apocalipse 2.0
61	187	187	1	0	3000	0	1870	0	0	0	0	0	0	0	0	0	1870	0	0	0	0	0	0	0	0	0	// Helm Of Snow [RL]
61	188	188	1	0	3000	0	1880	0	0	0	0	0	0	0	0	0	1880	0	0	0	0	0	0	0	0	0	// Helm Of Zeus
61	189	189	1	0	4200	0	1890	0	0	0	0	0	0	0	0	0	1890	0	0	0	0	0	0	0	0	0	// Helm Of Holy [M]
61	190	190	1	0	4200	0	1900	0	0	0	0	0	0	0	0	0	1900	0	0	0	0	0	0	0	0	0	// Helm Of Holy [F]
61	191	191	1	0	4200	0	1910	0	0	0	0	0	0	0	0	0	1910	0	0	0	0	0	0	0	0	0	// Helm Of Armageddon [RL]
61	192	192	1	0	3100	0	1920	0	0	0	0	0	0	0	0	0	1920	0	0	0	0	0	0	0	0	0	// Helm Of Saron [M]
61	193	193	1	0	3100	0	1930	0	0	0	0	0	0	0	0	0	1930	0	0	0	0	0	0	0	0	0	// Helm Of Saron [F] 
61	194	194	1	0	3050	0	1940	0	0	0	0	0	0	0	0	0	1940	0	0	0	0	0	0	0	0	0	// Helm Of Green V2 [M]
61	195	195	1	0	3050	0	1950	0	0	0	0	0	0	0	0	0	1950	0	0	0	0	0	0	0	0	0	// Helm Of Green V2 [F] 
61	196	196	1	0	4200	0	1960	0	0	0	0	0	0	0	0	0	1960	0	0	0	0	0	0	0	0	0	// Helm Ligh Blue [M]
61	197	197	1	0	4200	0	1970	0	0	0	0	0	0	0	0	0	1970	0	0	0	0	0	0	0	0	0	// Helm Ligh Blue [F]
61	198	198	1	0	4200	0	1980	0	0	0	0	0	0	0	0	0	1980	0	0	0	0	0	0	0	0	0	// Helm Red Fire [M]
61	199	199	1	0	4200	0	1990	0	0	0	0	0	0	0	0	0	1990	0	0	0	0	0	0	0	0	0	// Helm Red Fire [F]
62	200	200	1	0	3000	0	2000	0	0	0	0	0	0	0	0	0	2000	0	0	0	0	0	0	0	0	0	// Armor Of Apocalipse 2.0
62	201	201	1	0	3000	0	2010	0	0	0	0	0	0	0	0	0	2010	0	0	0	0	0	0	0	0	0	// Armor Of Snow [RL]
62	202	202	1	0	3000	0	2020	0	0	0	0	0	0	0	0	0	2020	0	0	0	0	0	0	0	0	0	// Armor Of Zeus
62	203	203	1	0	4200	0	2030	0	0	0	0	0	0	0	0	0	2030	0	0	0	0	0	0	0	0	0	// Armor Of Holy [M]
62	204	204	1	0	4200	0	2040	0	0	0	0	0	0	0	0	0	2040	0	0	0	0	0	0	0	0	0	// Armor Of Holy [F]
62	205	205	1	0	4200	0	2050	0	0	0	0	0	0	0	0	0	2050	0	0	0	0	0	0	0	0	0	// Armor Of Armageddon [RL]
62	206	206	1	0	3100	0	2060	0	0	0	0	0	0	0	0	0	2060	0	0	0	0	0	0	0	0	0	// Armor Of Saron [M]
62	207	207	1	0	3100	0	2070	0	0	0	0	0	0	0	0	0	2070	0	0	0	0	0	0	0	0	0	// Armor Of Saron [F]
62	208	208	1	0	3100	0	2080	0	0	0	0	0	0	0	0	0	2080	0	0	0	0	0	0	0	0	0	// Armor Of Green V2 [M]
62	209	209	1	0	3100	0	2090	0	0	0	0	0	0	0	0	0	2090	0	0	0	0	0	0	0	0	0	// Armor Of Green V2 [F]
62	210	210	1	0	4200	0	2100	0	0	0	0	0	0	0	0	0	2100	0	0	0	0	0	0	0	0	0	// Armor Ligh Blue [M]
62	211	211	1	0	4200	0	2110	0	0	0	0	0	0	0	0	0	2110	0	0	0	0	0	0	0	0	0	// Armor Ligh Blue [F]
62	212	212	1	0	4200	0	2120	0	0	0	0	0	0	0	0	0	2120	0	0	0	0	0	0	0	0	0	// Armor Red Fire [M]
62	213	213	1	0	4200	0	2130	0	0	0	0	0	0	0	0	0	2130	0	0	0	0	0	0	0	0	0	// Armor Red Fire [F]
63	214	214	1	0	3000	0	2140	0	0	0	0	0	0	0	0	0	2140	0	0	0	0	0	0	0	0	0	// Pants Of Apocalipse 2.0
63	215	215	1	0	3000	0	2150	0	0	0	0	0	0	0	0	0	2150	0	0	0	0	0	0	0	0	0	// Pants Of Snow [RL]
63	216	216	1	0	3000	0	2160	0	0	0	0	0	0	0	0	0	2160	0	0	0	0	0	0	0	0	0	// Pants Of Zeus
63	217	217	1	0	4200	0	2170	0	0	0	0	0	0	0	0	0	2170	0	0	0	0	0	0	0	0	0	// Pants Of Holy [M]
63	218	218	1	0	4200	0	2180	0	0	0	0	0	0	0	0	0	2180	0	0	0	0	0	0	0	0	0	// Pants Of Holy [F]
63	219	219	1	0	4200	0	2190	0	0	0	0	0	0	0	0	0	2190	0	0	0	0	0	0	0	0	0	// Pants Of Armageddon [RL]
63	220	220	1	0	3100	0	2200	0	0	0	0	0	0	0	0	0	2200	0	0	0	0	0	0	0	0	0	// Pants Of Saron [M]
63	221	221	1	0	3100	0	2210	0	0	0	0	0	0	0	0	0	2210	0	0	0	0	0	0	0	0	0	// Pants Of Saron [F]
63	222	222	1	0	3100	0	2220	0	0	0	0	0	0	0	0	0	2220	0	0	0	0	0	0	0	0	0	// Pants Of Green V2 [M]
63	223	223	1	0	3100	0	2230	0	0	0	0	0	0	0	0	0	2230	0	0	0	0	0	0	0	0	0	// Pants Of Green V2 [F]
63	224	224	1	0	4200	0	2240	0	0	0	0	0	0	0	0	0	2240	0	0	0	0	0	0	0	0	0	// Pants Ligh Blue [M]
63	225	225	1	0	4200	0	2250	0	0	0	0	0	0	0	0	0	2250	0	0	0	0	0	0	0	0	0	// Pants Ligh Blue [F]
63	226	226	1	0	4200	0	2260	0	0	0	0	0	0	0	0	0	2260	0	0	0	0	0	0	0	0	0	// Pants Red Fire [M]
63	227	227	1	0	4200	0	2270	0	0	0	0	0	0	0	0	0	2270	0	0	0	0	0	0	0	0	0	// Pants Red Fire [F]
64	228	228	1	0	3000	0	2280	0	0	0	0	0	0	0	0	0	2280	0	0	0	0	0	0	0	0	0	// Gloves Of Apocalipse 2.0
64	229	229	1	0	3000	0	2290	0	0	0	0	0	0	0	0	0	2290	0	0	0	0	0	0	0	0	0	// Gloves Of Snow [RL]
64	230	230	1	0	3000	0	2300	0	0	0	0	0	0	0	0	0	2300	0	0	0	0	0	0	0	0	0	// Gloves Of Zeus
64	231	231	1	0	4200	0	2310	0	0	0	0	0	0	0	0	0	2310	0	0	0	0	0	0	0	0	0	// Gloves Of Holy [M]
64	232	232	1	0	4200	0	2320	0	0	0	0	0	0	0	0	0	2320	0	0	0	0	0	0	0	0	0	// Gloves Of Holy [F]
64	233	233	1	0	4200	0	2330	0	0	0	0	0	0	0	0	0	2330	0	0	0	0	0	0	0	0	0	// Gloves Of Armageddon [RL]
64	234	234	1	0	3100	0	2340	0	0	0	0	0	0	0	0	0	2340	0	0	0	0	0	0	0	0	0	// Gloves Of Saron [M]
64	235	235	1	0	3100	0	2350	0	0	0	0	0	0	0	0	0	2350	0	0	0	0	0	0	0	0	0	// Gloves Of Saron [F]
64	236	236	1	0	3100	0	2360	0	0	0	0	0	0	0	0	0	2360	0	0	0	0	0	0	0	0	0	// Gloves Of Green V2 [M]
64	237	237	1	0	3100	0	2370	0	0	0	0	0	0	0	0	0	2370	0	0	0	0	0	0	0	0	0	// Gloves Of Green V2 [F]
64	238	238	1	0	4200	0	2380	0	0	0	0	0	0	0	0	0	2380	0	0	0	0	0	0	0	0	0	// Gloves Ligh Blue [M]
64	239	239	1	0	4200	0	2390	0	0	0	0	0	0	0	0	0	2390	0	0	0	0	0	0	0	0	0	// Gloves Ligh Blue [F]
64	240	240	1	0	4200	0	2400	0	0	0	0	0	0	0	0	0	2400	0	0	0	0	0	0	0	0	0	// Gloves Red Fire [M]
64	241	241	1	0	4200	0	2410	0	0	0	0	0	0	0	0	0	2410	0	0	0	0	0	0	0	0	0	// Gloves Red Fire [F]
65	242	242	1	0	3000	0	2420	0	0	0	0	0	0	0	0	0	2420	0	0	0	0	0	0	0	0	0	// Boots Of Apocalipse 2.0
65	243	243	1	0	3000	0	2430	0	0	0	0	0	0	0	0	0	2430	0	0	0	0	0	0	0	0	0	// Boots Of Snow [RL]
65	244	244	1	0	3000	0	2440	0	0	0	0	0	0	0	0	0	2440	0	0	0	0	0	0	0	0	0	// Boots Of Zeus
65	245	245	1	0	4200	0	2450	0	0	0	0	0	0	0	0	0	2450	0	0	0	0	0	0	0	0	0	// Boots Of Holy [M]
65	246	246	1	0	4200	0	2460	0	0	0	0	0	0	0	0	0	2460	0	0	0	0	0	0	0	0	0	// Boots Of Holy [F]
65	247	247	1	0	4200	0	2470	0	0	0	0	0	0	0	0	0	2470	0	0	0	0	0	0	0	0	0	// Boots Of Armageddon [RL]
65	248	248	1	0	3100	0	2480	0	0	0	0	0	0	0	0	0	2480	0	0	0	0	0	0	0	0	0	// Boots Of Saron [M]
65	249	249	1	0	3100	0	2490	0	0	0	0	0	0	0	0	0	2490	0	0	0	0	0	0	0	0	0	// Boots Of Saron[F]
65	250	250	1	0	3100	0	2500	0	0	0	0	0	0	0	0	0	2500	0	0	0	0	0	0	0	0	0	// Boots Of Green V2 [M]
65	251	251	1	0	3100	0	2510	0	0	0	0	0	0	0	0	0	2510	0	0	0	0	0	0	0	0	0	// Boots Of Green V2 [F]
65	252	252	1	0	4200	0	2520	0	0	0	0	0	0	0	0	0	2520	0	0	0	0	0	0	0	0	0	// Boots Ligh Blue [M]
65	253	253	1	0	4200	0	2530	0	0	0	0	0	0	0	0	0	2530	0	0	0	0	0	0	0	0	0	// Boots Ligh Blue [F]
65	254	254	1	0	4200	0	2540	0	0	0	0	0	0	0	0	0	2540	0	0	0	0	0	0	0	0	0	// Boots Red Fire [M]
65	255	255	1	0	4200	0	2550	0	0	0	0	0	0	0	0	0	2550	0	0	0	0	0	0	0	0	0	// Boots Red Fire [F]
66	256	256	1	0	4200	0	2560	0	0	0	0	0	0	0	0	0	2560	0	0	0	0	0	0	0	0	0	// Wings Of Apocalipse 2.0
66	257	257	1	0	4400	0	2570	0	0	0	0	0	0	0	0	0	2570	0	0	0	0	0	0	0	0	0	// Capa Of Apocalipse 2.0
66	258	258	1	0	4000	0	2580	0	0	0	0	0	0	0	0	0	2580	0	0	0	0	0	0	0	0	0	// Wings Of Snow [RL]
66	259	259	1	0	4200	0	2590	0	0	0	0	0	0	0	0	0	2590	0	0	0	0	0	0	0	0	0	// Capa Of Snow [RL]
66	260	260	1	0	4200	0	2600	0	0	0	0	0	0	0	0	0	2600	0	0	0	0	0	0	0	0	0	// Wings Of Zeus
66	261	261	1	0	4500	0	2610	0	0	0	0	0	0	0	0	0	2610	0	0	0	0	0	0	0	0	0	// Capa Of Zeus
66	262	262	1	0	4100	0	2620	0	0	0	0	0	0	0	0	0	2620	0	0	0	0	0	0	0	0	0	// Wings Of Holy
66	263	263	1	0	4400	0	2630	0	0	0	0	0	0	0	0	0	2630	0	0	0	0	0	0	0	0	0	// Capa Of Holy
66	264	264	1	0	4400	0	2640	0	0	0	0	0	0	0	0	0	2640	0	0	0	0	0	0	0	0	0	// Wings Of Armageddom [RL]
66	265	265	1	0	5000	0	2650	0	0	0	0	0	0	0	0	0	2650	0	0	0	0	0	0	0	0	0	// Capa Of Armageddom [RL]
66	266	266	1	0	3000	0	2660	0	0	0	0	0	0	0	0	0	2660	0	0	0	0	0	0	0	0	0	// Wings Of Saron
66	267	267	1	0	3200	0	2670	0	0	0	0	0	0	0	0	0	2670	0	0	0	0	0	0	0	0	0	// Capa Of Saron
66	268	268	1	0	3200	0	2680	0	0	0	0	0	0	0	0	0	2680	0	0	0	0	0	0	0	0	0	// Wings Of Green V2 
66	269	269	1	0	3400	0	2690	0	0	0	0	0	0	0	0	0	2690	0	0	0	0	0	0	0	0	0	// Capa Of Green V2
66	270	270	1	0	4400	0	2700	0	0	0	0	0	0	0	0	0	2700	0	0	0	0	0	0	0	0	0	// Wings Ligh Blue
66	271	271	1	0	5400	0	2710	0	0	0	0	0	0	0	0	0	2710	0	0	0	0	0	0	0	0	0	// Capa Ligh Blue
66	272	272	1	0	4400	0	2720	0	0	0	0	0	0	0	0	0	2720	0	0	0	0	0	0	0	0	0	// Wings Red Fire
66	273	273	1	0	4500	0	2730	0	0	0	0	0	0	0	0	0	2730	0	0	0	0	0	0	0	0	0	// Capa Red Fire
67	274	274	1	0	2500	0	2740	0	0	0	0	0	0	0	0	0	2740	0	0	0	0	0	0	0	0	0	// Ring Of Apocalipse 2.0
67	275	275	1	0	2600	0	2750	0	0	0	0	0	0	0	0	0	2750	0	0	0	0	0	0	0	0	0	// Pendant Of Apocalipse 2.0
67	276	276	1	0	2600	0	2760	0	0	0	0	0	0	0	0	0	2760	0	0	0	0	0	0	0	0	0	// Ring Of Zeus
67	277	277	1	0	2700	0	2770	0	0	0	0	0	0	0	0	0	2770	0	0	0	0	0	0	0	0	0	// Pendant Of Zeus
67	278	278	1	0	2700	0	2780	0	0	0	0	0	0	0	0	0	2780	0	0	0	0	0	0	0	0	0	// Ring Of Holy
67	279	279	1	0	2800	0	2790	0	0	0	0	0	0	0	0	0	2790	0	0	0	0	0	0	0	0	0	// Pendant Of Holy
67	280	280	1	0	3000	0	2800	0	0	0	0	0	0	0	0	0	2800	0	0	0	0	0	0	0	0	0	// Ring Of Armageddon [RL]
67	281	281	1	0	3200	0	2810	0	0	0	0	0	0	0	0	0	2810	0	0	0	0	0	0	0	0	0	// Pendant Of Armageddon [RL]
67	282	282	1	0	1200	0	2820	0	0	0	0	0	0	0	0	0	2820	0	0	0	0	0	0	0	0	0	// Ring Of Green V2
67	283	283	1	0	2200	0	2830	0	0	0	0	0	0	0	0	0	2830	0	0	0	0	0	0	0	0	0	// Pendant Of Green V2
68	284	284	1	0	2200	0	2840	0	0	0	0	0	0	0	0	0	2840	0	0	0	0	0	0	0	0	0	// Sword Of Apocalipse 2.0
68	285	285	1	0	2400	0	2850	0	0	0	0	0	0	0	0	0	2850	0	0	0	0	0	0	0	0	0	// Sword Of Snow [RL]
68	286	286	1	0	3400	0	2860	0	0	0	0	0	0	0	0	0	2860	0	0	0	0	0	0	0	0	0	// Sword Of Zeus
68	287	287	1	0	3400	0	2870	0	0	0	0	0	0	0	0	0	2870	0	0	0	0	0	0	0	0	0	// Sword Of Holy
68	288	288	1	0	4400	0	2880	0	0	0	0	0	0	0	0	0	2880	0	0	0	0	0	0	0	0	0	// Sword Of Armageddom [RL]
68	289	289	1	0	1400	0	2890	0	0	0	0	0	0	0	0	0	2890	0	0	0	0	0	0	0	0	0	// Sword Of Saron
68	290	290	1	0	2400	0	2900	0	0	0	0	0	0	0	0	0	2900	0	0	0	0	0	0	0	0	0	// Sword Of Green V2
68	291	291	1	0	2600	0	2910	0	0	0	0	0	0	0	0	0	2910	0	0	0	0	0	0	0	0	0	// Sword Ligh Blue
68	292	292	1	0	2600	0	2920	0	0	0	0	0	0	0	0	0	2920	0	0	0	0	0	0	0	0	0	// Sword Red Fire
68	293	293	1	0	2600	0	2930	0	0	0	0	0	0	0	0	0	2930	0	0	0	0	0	0	0	0	0	// Axe Of Saron
68	294	294	1	0	1600	0	2940	0	0	0	0	0	0	0	0	0	2940	0	0	0	0	0	0	0	0	0	// Axe Of Green V2
68	295	295	1	0	2800	0	2950	0	0	0	0	0	0	0	0	0	2950	0	0	0	0	0	0	0	0	0	// Axe Of Holy
68	296	296	1	0	2800	0	2960	0	0	0	0	0	0	0	0	0	2960	0	0	0	0	0	0	0	0	0	// Axe Red Fire
68	297	297	1	0	2900	0	2970	0	0	0	0	0	0	0	0	0	2970	0	0	0	0	0	0	0	0	0	// Axe Ligh Blue
68	298	298	1	0	2900	0	2980	0	0	0	0	0	0	0	0	0	2980	0	0	0	0	0	0	0	0	0	// Mace Of Snow [RL]
68	299	299	1	0	2200	0	2990	0	0	0	0	0	0	0	0	0	2990	0	0	0	0	0	0	0	0	0	// Mace Of Saron
68	300	300	1	0	2400	0	3000	0	0	0	0	0	0	0	0	0	3000	0	0	0	0	0	0	0	0	0	// Scepter Of Saron
68	301	301	1	0	2400	0	3010	0	0	0	0	0	0	0	0	0	3010	0	0	0	0	0	0	0	0	0	// Mace Of Green V2
68	302	302	1	0	2900	0	3020	0	0	0	0	0	0	0	0	0	3020	0	0	0	0	0	0	0	0	0	// Mace Of Armageddon [RL]
68	303	303	1	0	2900	0	3030	0	0	0	0	0	0	0	0	0	3030	0	0	0	0	0	0	0	0	0	// Mace Of Zeus
68	304	304	1	0	2900	0	3040	0	0	0	0	0	0	0	0	0	3040	0	0	0	0	0	0	0	0	0	// Mace Of Holy
68	305	305	1	0	2900	0	3050	0	0	0	0	0	0	0	0	0	3050	0	0	0	0	0	0	0	0	0	// Mace Ligh Blue
68	306	306	1	0	2900	0	3060	0	0	0	0	0	0	0	0	0	3060	0	0	0	0	0	0	0	0	0	// Mace Red Fire
68	307	307	1	0	3900	0	3070	0	0	0	0	0	0	0	0	0	3070	0	0	0	0	0	0	0	0	0	// Staff Of Apocalipse 2.0
68	308	308	1	0	3900	0	3080	0	0	0	0	0	0	0	0	0	3080	0	0	0	0	0	0	0	0	0	// Staff Of Armageddon [RL]
68	309	309	1	0	2900	0	3090	0	0	0	0	0	0	0	0	0	3090	0	0	0	0	0	0	0	0	0	// Staff Of Green V2
68	310	310	1	0	3900	0	3100	0	0	0	0	0	0	0	0	0	3100	0	0	0	0	0	0	0	0	0	// Staff Of Holy
68	311	311	1	0	2900	0	3110	0	0	0	0	0	0	0	0	0	3110	0	0	0	0	0	0	0	0	0	// Staff Of Saron
68	312	312	1	0	3900	0	3120	0	0	0	0	0	0	0	0	0	3120	0	0	0	0	0	0	0	0	0	// Staff Ligh Blue
68	341	341	1	0	3200	0	3410	0	0	0	0	0	0	0	0	0	3410	0	0	0	0	0	0	0	0	0	// Scepter Of Holy
68	342	342	1	0	3200	0	3420	0	0	0	0	0	0	0	0	0	3420	0	0	0	0	0	0	0	0	0	// Scepter Ligh Blue
69	313	313	1	0	2900	0	3130	0	0	0	0	0	0	0	0	0	3130	0	0	0	0	0	0	0	0	0	// Shield Of Apocalipse 2.0
69	314	314	1	0	2900	0	3140	0	0	0	0	0	0	0	0	0	3140	0	0	0	0	0	0	0	0	0	// Shield Of Armageddon [RL]
69	315	315	1	0	2900	0	3150	0	0	0	0	0	0	0	0	0	3150	0	0	0	0	0	0	0	0	0	// Shield Of Zeus
69	316	316	1	0	2900	0	3160	0	0	0	0	0	0	0	0	0	3160	0	0	0	0	0	0	0	0	0	// Shield Of Holly
69	317	317	1	0	2900	0	3170	0	0	0	0	0	0	0	0	0	3170	0	0	0	0	0	0	0	0	0	// Shield Ligh Blue
69	318	318	1	0	2900	0	3180	0	0	0	0	0	0	0	0	0	3180	0	0	0	0	0	0	0	0	0	// Shield Red Fire
69	319	319	1	0	2900	0	3190	0	0	0	0	0	0	0	0	0	3190	0	0	0	0	0	0	0	0	0	// Shield Of Snow [RL]
69	320	320	1	0	2900	0	3200	0	0	0	0	0	0	0	0	0	3200	0	0	0	0	0	0	0	0	0	// Shield Of Green V2
69	321	321	1	0	2900	0	3210	0	0	0	0	0	0	0	0	0	3210	0	0	0	0	0	0	0	0	0	// Shield Of Saron
end
