//In	IIndex	DefA	IncDmgA	IncDmgB	DecDmgA	DecDmgB	Opt1	Opt1	Opt2	Opt2   	Opt3	Opt3	NewOpt1	NewOpt1	NewOpt2	NewOpt2	NewOpt3	NewOpt3	NewOpt4	NewOpt4	ModelType   ModelName
1       6294    4       139     2       61      2       80      4       85      1       83      4       110     5       111     5       109     5       108     5       0           "Wing200"
2       6295    4       139     2       61      2       80      4       85      1       83      4       110     5       111     5       109     5       108     5       0           "USK_War2.0Wings"
3       6296    4       139     2       61      2       80      4       85      1       83      4       110     5       111     5       109     5       108     5       1           "USK_War2.0Cloak"
4       6297    4       139     2       61      2       80      4       85      1       83      4       110     5       111     5       109     5       108     5       0           "wings2010"
5       6298    4       139     2       61      2       80      4       85      1       83      4       110     5       111     5       109     5       108     5       0           "Wing205"
6       6299    4       139     2       61      2       80      4       85      1       83      4       110     5       111     5       109     5       108     5       1           "wing2011"
7       6300    4       139     2       61      2       80      4       85      1       83      4       110     5       111     5       109     5       108     5       0           "wing20000"
8       6301    4       139     2       61      2       80      4       85      1       83      4       110     5       111     5       109     5       108     5       1           "wing1800"
9       6302    4       139     2       61      2       80      4       85      1       83      4       110     5       111     5       109     5       108     5       0           "Wing24321"
10      6303    4       139     2       61      2       80      4       85      1       83      4       110     5       111     5       109     5       108     5       1           "Wing2445"
11      6304    4       139     2       61      2       80      4       85      1       83      4       110     5       111     5       109     5       108     5       1           "wing18000"
12      6305    4       139     2       61      2       80      4       85      1       83      4       110     5       111     5       109     5       108     5       0           "wing1560"
13      6306    4       139     2       61      2       80      4       85      1       83      4       110     5       111     5       109     5       108     5       0           "wing2343"
14      6344    4       139     2       61      2       80      4       85      1       83      4       110     5       111     5       109     5       108     5       1           "wingdonate01"
16      6379    4       139     2       61      2       80      4       85      1       83      4       110     5       111     5       109     5       108     5       0           "Wing52"
17      6380    4       139     2       61      2       80      4       85      1       83      4       110     5       111     5       109     5       108     5       1           "Wing53"
18      6381    4       139     2       61      2       80      4       85      1       83      4       110     5       111     5       109     5       108     5       0           "wingdemon"
19      6382    4       139     2       61      2       80      4       85      1       83      4       110     5       111     5       109     5       108     5       1           "capademon"
20      6383    4       139     2       61      2       80      4       85      1       83      4       110     5       111     5       109     5       108     5       0           "wingX"
21      6384    4       139     2       61      2       80      4       85      1       83      4       110     5       111     5       109     5       108     5       0           "WingDonate"
22      6345    4       139     2       61      2       80      4       85      1       83      4       110     5       111     5       109     5       108     5       0           "Wing415"
23      6385    4       139     2       61      2       80      4       85      1       83      4       110     5       111     5       109     5       108     5       1           "wing800"
24      6386    4       139     2       61      2       80      4       85      1       83      4       110     5       111     5       109     5       108     5       0           "wing801"
25      6387    4       139     2       61      2       80      4       85      1       83      4       110     5       111     5       109     5       108     5       0           "wing802"
26      6388    4       139     2       61      2       80      4       85      1       83      4       110     5       111     5       109     5       108     5       1           "wing803"
27      6288    4       139     2       61      2       80      4       85      1       83      4       110     5       111     5       109     5       108     5       0           "wing806"
28      6289    4       139     2       61      2       80      4       85      1       83      4       110     5       111     5       109     5       108     5       1           "wing805"
29      6290    4       139     2       61      2       80      4       85      1       83      4       110     5       111     5       109     5       108     5       0           "wing807"
30      6291    4       139     2       61      2       80      4       85      1       83      4       110     5       111     5       109     5       108     5       0           "wing808"
31      6292    4       139     2       61      2       80      4       85      1       83      4       110     5       111     5       109     5       108     5       1           "wing809"
32      6293    4       139     2       61      2       80      4       85      1       83      4       110     5       111     5       109     5       108     5       0           "wing810"
33      6307    4       139     2       61      2       80      4       85      1       83      4       110     5       111     5       109     5       108     5       1           "wing811"
34      6308    4       139     2       61      2       80      4       85      1       83      4       110     5       111     5       109     5       108     5       0           "wing812"
35      6309    4       139     2       61      2       80      4       85      1       83      4       110     5       111     5       109     5       108     5       0           "wing813"
36      6310    4       139     2       61      2       80      4       85      1       83      4       110     5       111     5       109     5       108     5       1           "wing814"
37      6311    4       139     2       61      2       80      4       85      1       83      4       110     5       111     5       109     5       108     5       0           "wing815"
38      6312    4       139     2       61      2       80      4       85      1       83      4       110     5       111     5       109     5       108     5       1           "wing816"
39      6313    4       139     2       61      2       80      4       85      1       83      4       110     5       111     5       109     5       108     5       0           "wing817"
40      6314    4       139     2       61      2       80      4       85      1       83      4       110     5       111     5       109     5       108     5       0           "wing818"
41      6315    4       139     2       61      2       80      4       85      1       83      4       110     5       111     5       109     5       108     5       0           "wing819"
42      6409    4       139     2       61      2       80      4       85      1       83      4       110     5       111     5       109     5       108     5       0           "wing820"
43      6316    4       139     2       61      2       80      4       85      1       83      4       110     5       111     5       109     5       108     5       1           "wing821"
44      6317    4       139     2       61      2       80      4       85      1       83      4       110     5       111     5       109     5       108     5       0           "wing822"
45      6318    4       139     2       61      2       80      4       85      1       83      4       110     5       111     5       109     5       108     5       0           "wing823"
46      6319    4       139     2       61      2       80      4       85      1       83      4       110     5       111     5       109     5       108     5       0           "wing824"
47      6320    4       139     2       61      2       80      4       85      1       83      4       110     5       111     5       109     5       108     5       1           "wing825"
48      6321    4       139     2       61      2       80      4       85      1       83      4       110     5       111     5       109     5       108     5       0           "wing826"
49      6322    4       139     2       61      2       80      4       85      1       83      4       110     5       111     5       109     5       108     5       1           "wing827"
50      6323    4       139     2       61      2       80      4       85      1       83      4       110     5       111     5       109     5       108     5       0           "wing828"
51      6324    4       139     2       61      2       80      4       85      1       83      4       110     5       111     5       109     5       108     5       1           "wing829"
52      6325    4       139     2       61      2       80      4       85      1       83      4       110     5       111     5       109     5       108     5       0           "wing830"
53      6326    4       139     2       61      2       80      4       85      1       83      4       110     5       111     5       109     5       108     5       1           "wing831"
54      6327    4       139     2       61      2       80      4       85      1       83      4       110     5       111     5       109     5       108     5       0           "wing832"
55      6328    4       139     2       61      2       80      4       85      1       83      4       110     5       111     5       109     5       108     5       1           "wing833"
56      6329    4       139     2       61      2       80      4       85      1       83      4       110     5       111     5       109     5       108     5       0           "wing834"
57      6330    4       139     2       61      2       80      4       85      1       83      4       110     5       111     5       109     5       108     5       1           "wing835"
58      6331    4       139     2       61      2       80      4       85      1       83      4       110     5       111     5       109     5       108     5       1           "wing836"
59      6439    4       139     2       61      2       80      4       85      1       83      4       110     5       111     5       109     5       108     5       0           "wing837"
60      6440    4       139     2       61      2       80      4       85      1       83      4       110     5       111     5       109     5       108     5       1           "wing838"
61      6332    4       139     2       61      2       80      4       85      1       83      4       110     5       111     5       109     5       108     5       0           "wing839"
62      6333    4       139     2       61      2       80      4       85      1       83      4       110     5       111     5       109     5       108     5       0           "wing840"
63      6334    4       139     2       61      2       80      4       85      1       83      4       110     5       111     5       109     5       108     5       1           "wing841"
64      6335    4       139     2       61      2       80      4       85      1       83      4       110     5       111     5       109     5       108     5       0           "wing842"
65      6336    4       139     2       61      2       80      4       85      1       83      4       110     5       111     5       109     5       108     5       1           "wing843"
///66      6337    4       139     2       61      2       80      4       85      1       83      4       110     5       111     5       109     5       108     5       0           "wing844"
///67      6338    4       139     2       61      2       80      4       85      1       83      4       110     5       111     5       109     5       108     5       1           "wing845"
68      6339    4       139     2       61      2       80      4       85      1       83      4       110     5       111     5       109     5       108     5       0           "wing846"
69      6340    4       139     2       61      2       80      4       85      1       83      4       110     5       111     5       109     5       108     5       1           "wing847"
70      6341    4       139     2       61      2       80      4       85      1       83      4       110     5       111     5       109     5       108     5       0           "wing848"
71      6342    4       139     2       61      2       80      4       85      1       83      4       110     5       111     5       109     5       108     5       1           "wing849"
72      6343    4       139     2       61      2       80      4       85      1       83      4       110     5       111     5       109     5       108     5       0           "wing850"
end